100
0 1 0.99
0 2 0.83
0 3 0.49
0 4 0.59
0 5 0.28
0 6 0.29
0 7 0.2
0 8 0.34
0 9 0.64
0 10 0.19
0 11 0.49
0 12 0.04
0 13 0.73
0 14 0.83
0 15 0.83
0 16 0.6
0 17 0.4
0 18 0.54
0 19 0.09
0 20 0.33
0 21 0.86
0 22 1.0
0 23 0.53
0 24 0.13
0 25 0.38
0 26 0.76
0 27 0.43
0 28 0.38
0 29 0.38
0 30 0.4
0 31 0.73
0 32 0.84
0 33 0.27
0 34 0.52
0 35 0.11
0 36 0.7
0 37 0.04
0 38 0.14
0 39 0.14
0 40 0.48
0 41 0.49
0 42 0.1
0 43 0.94
0 44 0.62
0 45 0.9
0 46 0.45
0 47 0.37
0 48 0.94
0 49 0.19
0 50 0.21
0 51 0.2
0 52 0.34
0 53 0.83
0 54 0.07
0 55 0.81
0 56 0.74
0 57 0.62
0 58 0.17
0 59 0.09
0 60 0.26
0 61 0.88
0 62 0.67
0 63 0.93
0 64 0.36
0 65 0.67
0 66 0.31
0 67 0.06
0 68 0.45
0 69 0.45
0 70 0.69
0 71 0.94
0 72 0.47
0 73 0.16
0 74 1.0
0 75 0.85
0 76 0.23
0 77 0.27
0 78 0.61
0 79 0.76
0 80 0.61
0 81 0.48
0 82 0.97
0 83 0.93
0 84 0.76
0 85 0.98
0 86 0.28
0 87 0.22
0 88 0.12
0 89 0.33
0 90 0.16
0 91 0.06
0 92 0.89
0 93 0.54
0 94 0.36
0 95 0.25
0 96 0.85
0 97 0.73
0 98 0.27
0 99 0.1
1 2 0.59
1 3 0.84
1 4 0.09
1 5 0.2
1 6 0.05
1 7 0.98
1 8 0.33
1 9 0.26
1 10 0.88
1 11 0.03
1 12 0.14
1 13 0.67
1 14 0.75
1 15 0.7
1 16 0.58
1 17 0.85
1 18 0.66
1 19 0.42
1 20 0.13
1 21 0.27
1 22 0.75
1 23 0.21
1 24 0.68
1 25 0.73
1 26 0.43
1 27 1.01
1 28 0.4
1 29 0.61
1 30 0.55
1 31 0.15
1 32 0.64
1 33 0.56
1 34 0.32
1 35 0.12
1 36 0.03
1 37 0.46
1 38 0.11
1 39 0.61
1 40 0.23
1 41 0.71
1 42 0.89
1 43 0.78
1 44 0.9
1 45 0.27
1 46 0.02
1 47 0.75
1 48 0.48
1 49 0.65
1 50 0.58
1 51 0.15
1 52 0.31
1 53 0.37
1 54 0.81
1 55 0.25
1 56 0.31
1 57 0.11
1 58 0.38
1 59 1.0
1 60 0.19
1 61 0.65
1 62 0.14
1 63 0.93
1 64 0.25
1 65 0.87
1 66 0.27
1 67 0.71
1 68 0.35
1 69 0.16
1 70 0.53
1 71 0.37
1 72 0.2
1 73 0.23
1 74 0.77
1 75 0.39
1 76 0.73
1 77 0.58
1 78 0.61
1 79 0.17
1 80 0.87
1 81 0.73
1 82 0.93
1 83 0.33
1 84 0.57
1 85 0.52
1 86 0.56
1 87 0.98
1 88 0.82
1 89 0.89
1 90 0.91
1 91 0.35
1 92 0.68
1 93 0.77
1 94 0.71
1 95 0.31
1 96 0.99
1 97 0.62
1 98 0.84
1 99 0.46
2 3 0.2
2 4 0.33
2 5 0.83
2 6 0.57
2 7 0.93
2 8 0.81
2 9 0.84
2 10 0.5
2 11 0.48
2 12 0.2
2 13 0.18
2 14 0.25
2 15 0.39
2 16 0.36
2 17 0.78
2 18 0.22
2 19 0.44
2 20 0.52
2 21 0.51
2 22 0.65
2 23 0.45
2 24 0.48
2 25 0.79
2 26 0.96
2 27 0.94
2 28 0.68
2 29 0.55
2 30 0.93
2 31 0.81
2 32 0.04
2 33 0.56
2 34 0.69
2 35 0.52
2 36 0.6
2 37 0.38
2 38 0.43
2 39 0.86
2 40 0.01
2 41 0.96
2 42 0.14
2 43 0.97
2 44 0.12
2 45 0.3
2 46 0.16
2 47 0.21
2 48 0.41
2 49 0.35
2 50 0.09
2 51 0.29
2 52 0.08
2 53 1.01
2 54 0.24
2 55 0.15
2 56 0.48
2 57 0.32
2 58 0.27
2 59 0.44
2 60 0.82
2 61 0.45
2 62 0.94
2 63 0.35
2 64 0.23
2 65 0.49
2 66 0.78
2 67 0.57
2 68 0.34
2 69 0.54
2 70 0.48
2 71 0.11
2 72 0.63
2 73 0.81
2 74 0.58
2 75 0.51
2 76 0.58
2 77 0.88
2 78 0.3
2 79 0.14
2 80 0.19
2 81 0.1
2 82 0.15
2 83 0.72
2 84 0.72
2 85 0.47
2 86 0.73
2 87 0.69
2 88 0.78
2 89 0.66
2 90 0.47
2 91 0.31
2 92 0.54
2 93 0.83
2 94 0.26
2 95 0.9
2 96 0.67
2 97 0.79
2 98 0.91
2 99 0.72
3 4 0.37
3 5 0.24
3 6 0.31
3 7 0.33
3 8 0.1
3 9 0.34
3 10 0.09
3 11 0.82
3 12 0.53
3 13 0.71
3 14 0.28
3 15 1.0
3 16 1.01
3 17 0.19
3 18 0.48
3 19 0.13
3 20 0.08
3 21 0.97
3 22 0.41
3 23 0.04
3 24 0.4
3 25 0.55
3 26 0.43
3 27 0.75
3 28 0.56
3 29 0.05
3 30 0.72
3 31 0.47
3 32 0.21
3 33 0.98
3 34 0.94
3 35 0.18
3 36 0.59
3 37 0.66
3 38 0.15
3 39 0.89
3 40 0.05
3 41 0.4
3 42 0.82
3 43 0.89
3 44 0.82
3 45 0.52
3 46 0.8
3 47 0.86
3 48 0.65
3 49 0.97
3 50 0.59
3 51 0.33
3 52 0.59
3 53 0.66
3 54 0.49
3 55 0.23
3 56 0.14
3 57 0.86
3 58 0.07
3 59 0.8
3 60 0.39
3 61 0.07
3 62 0.04
3 63 0.52
3 64 0.67
3 65 0.44
3 66 0.23
3 67 0.8
3 68 0.93
3 69 0.55
3 70 0.15
3 71 0.06
3 72 0.85
3 73 0.92
3 74 0.41
3 75 0.57
3 76 0.08
3 77 0.59
3 78 0.5
3 79 0.6
3 80 0.24
3 81 0.42
3 82 0.68
3 83 0.96
3 84 0.18
3 85 0.32
3 86 0.37
3 87 0.35
3 88 0.46
3 89 0.86
3 90 0.99
3 91 0.71
3 92 0.06
3 93 0.79
3 94 0.35
3 95 0.25
3 96 0.04
3 97 0.36
3 98 0.17
3 99 0.98
4 5 0.38
4 6 0.33
4 7 0.49
4 8 0.34
4 9 0.84
4 10 0.51
4 11 0.5
4 12 0.95
4 13 0.9
4 14 0.59
4 15 0.61
4 16 0.62
4 17 0.71
4 18 0.38
4 19 0.09
4 20 0.47
4 21 0.76
4 22 0.59
4 23 0.07
4 24 0.29
4 25 0.88
4 26 0.58
4 27 0.86
4 28 0.41
4 29 0.36
4 30 0.32
4 31 0.17
4 32 0.6
4 33 0.33
4 34 0.77
4 35 0.54
4 36 0.77
4 37 0.6
4 38 0.26
4 39 0.5
4 40 0.73
4 41 0.34
4 42 0.3
4 43 0.52
4 44 0.63
4 45 0.48
4 46 0.7
4 47 0.98
4 48 0.72
4 49 0.65
4 50 0.5
4 51 0.52
4 52 0.56
4 53 0.48
4 54 0.36
4 55 0.59
4 56 0.21
4 57 0.34
4 58 0.5
4 59 0.4
4 60 0.67
4 61 0.62
4 62 0.74
4 63 0.03
4 64 0.53
4 65 0.96
4 66 0.41
4 67 0.88
4 68 0.11
4 69 1.0
4 70 0.45
4 71 0.05
4 72 0.77
4 73 0.22
4 74 0.83
4 75 0.16
4 76 0.7
4 77 0.02
4 78 0.71
4 79 0.48
4 80 0.56
4 81 0.27
4 82 0.76
4 83 0.76
4 84 0.5
4 85 0.13
4 86 0.73
4 87 0.77
4 88 0.52
4 89 0.21
4 90 0.44
4 91 0.98
4 92 0.2
4 93 0.74
4 94 0.88
4 95 0.5
4 96 0.99
4 97 0.96
4 98 0.02
4 99 0.1
5 6 0.45
5 7 0.1
5 8 0.91
5 9 0.13
5 10 0.06
5 11 0.35
5 12 0.99
5 13 0.14
5 14 0.16
5 15 0.53
5 16 0.75
5 17 0.45
5 18 0.84
5 19 0.33
5 20 0.02
5 21 0.5
5 22 0.89
5 23 0.83
5 24 0.25
5 25 0.05
5 26 1.01
5 27 0.55
5 28 0.21
5 29 0.76
5 30 0.18
5 31 0.22
5 32 0.73
5 33 0.71
5 34 0.61
5 35 0.05
5 36 0.93
5 37 0.73
5 38 0.31
5 39 0.33
5 40 0.18
5 41 0.27
5 42 0.8
5 43 0.86
5 44 0.07
5 45 0.17
5 46 0.42
5 47 0.78
5 48 0.95
5 49 0.06
5 50 0.88
5 51 0.79
5 52 0.02
5 53 0.46
5 54 0.27
5 55 0.02
5 56 0.04
5 57 0.68
5 58 0.85
5 59 0.85
5 60 0.03
5 61 0.87
5 62 0.75
5 63 0.96
5 64 0.38
5 65 0.71
5 66 1.01
5 67 0.1
5 68 0.47
5 69 0.59
5 70 0.68
5 71 0.24
5 72 0.47
5 73 0.87
5 74 0.59
5 75 0.18
5 76 0.74
5 77 0.71
5 78 0.44
5 79 0.45
5 80 0.97
5 81 0.02
5 82 0.92
5 83 0.13
5 84 0.59
5 85 0.97
5 86 0.6
5 87 0.2
5 88 0.69
5 89 0.66
5 90 0.94
5 91 0.64
5 92 0.77
5 93 0.98
5 94 0.89
5 95 0.07
5 96 0.69
5 97 0.5
5 98 0.72
5 99 0.67
6 7 0.49
6 8 0.47
6 9 0.24
6 10 0.31
6 11 0.47
6 12 0.77
6 13 0.77
6 14 0.93
6 15 0.99
6 16 0.23
6 17 0.84
6 18 0.04
6 19 0.22
6 20 0.72
6 21 0.74
6 22 0.69
6 23 0.04
6 24 0.92
6 25 0.66
6 26 0.41
6 27 0.18
6 28 0.04
6 29 0.63
6 30 0.14
6 31 0.56
6 32 0.3
6 33 0.36
6 34 0.23
6 35 0.62
6 36 0.42
6 37 0.85
6 38 0.49
6 39 0.85
6 40 0.08
6 41 0.18
6 42 0.08
6 43 0.88
6 44 0.82
6 45 0.2
6 46 0.74
6 47 0.02
6 48 0.62
6 49 0.51
6 50 0.75
6 51 0.18
6 52 0.65
6 53 0.71
6 54 0.57
6 55 0.59
6 56 0.41
6 57 0.26
6 58 0.32
6 59 0.58
6 60 0.3
6 61 0.64
6 62 0.88
6 63 0.24
6 64 0.2
6 65 0.12
6 66 0.58
6 67 0.83
6 68 0.8
6 69 0.04
6 70 0.81
6 71 0.01
6 72 0.76
6 73 0.91
6 74 0.58
6 75 0.02
6 76 0.16
6 77 0.98
6 78 0.19
6 79 0.71
6 80 0.88
6 81 0.88
6 82 0.7
6 83 0.64
6 84 0.66
6 85 0.22
6 86 0.04
6 87 0.18
6 88 0.82
6 89 0.93
6 90 0.78
6 91 0.13
6 92 0.16
6 93 0.79
6 94 0.6
6 95 0.7
6 96 0.15
6 97 0.69
6 98 0.28
6 99 0.86
7 8 0.47
7 9 0.73
7 10 0.42
7 11 0.52
7 12 0.66
7 13 0.4
7 14 0.58
7 15 0.04
7 16 0.87
7 17 0.07
7 18 0.67
7 19 0.43
7 20 0.12
7 21 0.03
7 22 0.87
7 23 0.57
7 24 0.26
7 25 0.44
7 26 0.34
7 27 0.48
7 28 0.06
7 29 0.08
7 30 0.13
7 31 0.43
7 32 0.44
7 33 0.95
7 34 0.46
7 35 0.41
7 36 0.45
7 37 0.09
7 38 0.94
7 39 0.76
7 40 0.71
7 41 0.84
7 42 0.62
7 43 0.25
7 44 1.0
7 45 0.73
7 46 0.94
7 47 0.96
7 48 0.51
7 49 0.79
7 50 0.08
7 51 0.45
7 52 0.56
7 53 0.33
7 54 0.37
7 55 0.28
7 56 0.79
7 57 0.81
7 58 0.4
7 59 0.37
7 60 0.88
7 61 0.82
7 62 0.26
7 63 0.55
7 64 0.03
7 65 0.51
7 66 0.38
7 67 0.87
7 68 0.65
7 69 0.89
7 70 0.19
7 71 0.94
7 72 0.84
7 73 0.96
7 74 0.97
7 75 0.3
7 76 0.99
7 77 0.16
7 78 0.14
7 79 0.29
7 80 0.89
7 81 0.73
7 82 0.4
7 83 0.42
7 84 0.78
7 85 0.18
7 86 0.44
7 87 0.7
7 88 0.37
7 89 0.05
7 90 0.49
7 91 0.82
7 92 0.49
7 93 0.6
7 94 0.73
7 95 0.78
7 96 0.06
7 97 0.17
7 98 0.33
7 99 0.32
8 9 0.77
8 10 0.47
8 11 0.41
8 12 0.7
8 13 0.39
8 14 0.58
8 15 0.31
8 16 0.87
8 17 0.15
8 18 0.79
8 19 0.91
8 20 0.86
8 21 0.54
8 22 0.8
8 23 0.98
8 24 0.81
8 25 0.71
8 26 0.57
8 27 0.57
8 28 0.65
8 29 0.92
8 30 0.34
8 31 0.24
8 32 0.97
8 33 0.38
8 34 0.23
8 35 0.6
8 36 0.46
8 37 0.07
8 38 0.6
8 39 0.78
8 40 0.72
8 41 0.35
8 42 0.22
8 43 0.75
8 44 0.53
8 45 0.53
8 46 0.69
8 47 0.85
8 48 0.62
8 49 0.46
8 50 0.65
8 51 0.16
8 52 0.97
8 53 0.71
8 54 0.5
8 55 0.43
8 56 0.62
8 57 0.18
8 58 0.61
8 59 0.38
8 60 0.06
8 61 0.76
8 62 0.5
8 63 0.27
8 64 0.67
8 65 0.47
8 66 0.3
8 67 0.25
8 68 0.46
8 69 0.58
8 70 0.99
8 71 0.26
8 72 0.34
8 73 0.09
8 74 0.61
8 75 0.81
8 76 0.31
8 77 0.38
8 78 0.85
8 79 0.36
8 80 0.72
8 81 0.26
8 82 0.39
8 83 0.24
8 84 0.58
8 85 0.5
8 86 0.12
8 87 0.04
8 88 0.34
8 89 0.22
8 90 0.08
8 91 0.67
8 92 0.54
8 93 0.62
8 94 0.05
8 95 0.31
8 96 0.95
8 97 0.12
8 98 0.9
8 99 0.61
9 10 0.16
9 11 0.82
9 12 0.82
9 13 0.49
9 14 0.98
9 15 0.24
9 16 0.85
9 17 0.65
9 18 0.87
9 19 0.28
9 20 0.31
9 21 0.85
9 22 0.71
9 23 0.6
9 24 0.48
9 25 0.16
9 26 0.97
9 27 0.84
9 28 0.13
9 29 0.52
9 30 0.03
9 31 1.0
9 32 0.64
9 33 0.27
9 34 0.59
9 35 0.13
9 36 0.4
9 37 0.16
9 38 0.83
9 39 0.1
9 40 0.31
9 41 0.69
9 42 0.73
9 43 0.44
9 44 0.72
9 45 0.08
9 46 0.38
9 47 0.64
9 48 0.97
9 49 0.81
9 50 0.59
9 51 0.29
9 52 0.82
9 53 0.03
9 54 0.66
9 55 0.24
9 56 0.27
9 57 0.01
9 58 0.74
9 59 0.98
9 60 1.01
9 61 0.03
9 62 0.75
9 63 0.01
9 64 0.63
9 65 0.5
9 66 0.13
9 67 0.53
9 68 0.17
9 69 0.98
9 70 0.17
9 71 0.35
9 72 0.7
9 73 0.57
9 74 0.24
9 75 0.53
9 76 0.22
9 77 0.66
9 78 0.31
9 79 0.54
9 80 0.05
9 81 0.18
9 82 0.02
9 83 0.13
9 84 0.31
9 85 0.4
9 86 0.9
9 87 0.98
9 88 0.86
9 89 0.92
9 90 0.54
9 91 0.77
9 92 0.63
9 93 0.5
9 94 0.49
9 95 0.28
9 96 0.74
9 97 0.11
9 98 0.36
9 99 0.24
10 11 0.6
10 12 0.51
10 13 0.15
10 14 0.37
10 15 0.43
10 16 1.01
10 17 0.1
10 18 0.87
10 19 0.63
10 20 0.18
10 21 0.13
10 22 0.92
10 23 0.37
10 24 0.67
10 25 0.57
10 26 0.73
10 27 0.64
10 28 0.22
10 29 0.55
10 30 0.36
10 31 0.89
10 32 0.95
10 33 0.94
10 34 0.84
10 35 0.99
10 36 0.21
10 37 0.15
10 38 0.58
10 39 0.67
10 40 0.96
10 41 0.29
10 42 0.77
10 43 0.54
10 44 0.4
10 45 1.0
10 46 0.65
10 47 0.03
10 48 0.36
10 49 0.75
10 50 0.46
10 51 0.72
10 52 0.44
10 53 0.26
10 54 0.94
10 55 0.02
10 56 0.37
10 57 0.38
10 58 0.35
10 59 0.09
10 60 0.17
10 61 0.51
10 62 0.08
10 63 0.24
10 64 0.86
10 65 0.74
10 66 0.7
10 67 0.86
10 68 0.07
10 69 0.98
10 70 0.73
10 71 0.66
10 72 0.28
10 73 0.37
10 74 0.07
10 75 0.95
10 76 0.83
10 77 0.31
10 78 0.09
10 79 0.21
10 80 0.71
10 81 0.44
10 82 0.45
10 83 0.84
10 84 0.62
10 85 0.62
10 86 0.28
10 87 0.32
10 88 0.94
10 89 0.4
10 90 0.77
10 91 0.67
10 92 0.91
10 93 0.26
10 94 0.12
10 95 0.47
10 96 0.57
10 97 0.48
10 98 0.09
10 99 0.29
11 12 0.11
11 13 0.26
11 14 0.83
11 15 0.03
11 16 0.45
11 17 0.6
11 18 0.24
11 19 0.53
11 20 0.62
11 21 0.58
11 22 0.2
11 23 0.84
11 24 0.73
11 25 0.45
11 26 0.76
11 27 0.78
11 28 0.49
11 29 0.69
11 30 0.98
11 31 0.12
11 32 0.05
11 33 0.71
11 34 0.37
11 35 0.13
11 36 0.28
11 37 0.05
11 38 0.24
11 39 0.85
11 40 0.74
11 41 0.07
11 42 0.42
11 43 0.45
11 44 0.73
11 45 0.75
11 46 0.49
11 47 0.48
11 48 0.83
11 49 0.73
11 50 0.26
11 51 0.36
11 52 0.02
11 53 0.54
11 54 0.32
11 55 0.6
11 56 0.62
11 57 0.09
11 58 0.49
11 59 0.96
11 60 0.86
11 61 0.27
11 62 0.54
11 63 0.54
11 64 0.98
11 65 1.0
11 66 0.13
11 67 0.38
11 68 0.16
11 69 0.39
11 70 0.87
11 71 0.15
11 72 0.3
11 73 0.05
11 74 0.69
11 75 0.08
11 76 0.88
11 77 0.9
11 78 0.11
11 79 0.91
11 80 0.99
11 81 0.25
11 82 0.55
11 83 0.77
11 84 0.57
11 85 0.1
11 86 0.09
11 87 0.75
11 88 0.35
11 89 0.99
11 90 0.62
11 91 0.51
11 92 0.66
11 93 0.75
11 94 0.06
11 95 0.2
11 96 0.76
11 97 0.54
11 98 1.0
11 99 0.81
12 13 0.44
12 14 0.25
12 15 0.75
12 16 0.41
12 17 0.42
12 18 0.91
12 19 0.86
12 20 0.51
12 21 0.38
12 22 0.56
12 23 0.49
12 24 0.66
12 25 0.21
12 26 0.67
12 27 0.95
12 28 0.01
12 29 0.95
12 30 0.02
12 31 0.86
12 32 0.48
12 33 0.03
12 34 0.67
12 35 0.88
12 36 0.69
12 37 0.69
12 38 0.75
12 39 0.31
12 40 0.6
12 41 0.24
12 42 0.07
12 43 0.36
12 44 0.38
12 45 0.94
12 46 0.09
12 47 0.75
12 48 0.96
12 49 0.54
12 50 0.73
12 51 0.4
12 52 0.73
12 53 1.0
12 54 0.74
12 55 0.16
12 56 0.43
12 57 0.71
12 58 0.19
12 59 0.24
12 60 0.16
12 61 0.83
12 62 0.62
12 63 0.45
12 64 0.74
12 65 0.35
12 66 0.9
12 67 0.53
12 68 0.84
12 69 0.55
12 70 0.64
12 71 0.8
12 72 0.03
12 73 0.04
12 74 0.85
12 75 0.05
12 76 0.77
12 77 0.26
12 78 0.76
12 79 0.49
12 80 0.82
12 81 0.64
12 82 0.49
12 83 1.0
12 84 0.97
12 85 0.02
12 86 0.08
12 87 0.55
12 88 0.46
12 89 0.91
12 90 0.84
12 91 0.03
12 92 0.97
12 93 0.18
12 94 0.6
12 95 0.95
12 96 0.22
12 97 0.71
12 98 0.12
12 99 0.29
13 14 0.43
13 15 0.69
13 16 0.44
13 17 0.88
13 18 0.66
13 19 0.96
13 20 0.11
13 21 0.68
13 22 0.59
13 23 0.9
13 24 0.66
13 25 0.94
13 26 0.83
13 27 0.86
13 28 0.01
13 29 0.12
13 30 0.12
13 31 0.04
13 32 0.54
13 33 0.99
13 34 0.28
13 35 0.48
13 36 0.83
13 37 0.52
13 38 0.57
13 39 0.91
13 40 0.56
13 41 0.2
13 42 0.04
13 43 0.06
13 44 0.08
13 45 0.05
13 46 0.54
13 47 0.43
13 48 0.66
13 49 0.27
13 50 0.48
13 51 0.65
13 52 0.51
13 53 0.71
13 54 0.53
13 55 0.83
13 56 0.2
13 57 0.75
13 58 0.3
13 59 0.28
13 60 0.98
13 61 0.72
13 62 0.07
13 63 0.49
13 64 0.31
13 65 0.04
13 66 0.84
13 67 0.87
13 68 0.07
13 69 0.72
13 70 0.24
13 71 0.74
13 72 0.24
13 73 0.96
13 74 0.46
13 75 0.82
13 76 0.32
13 77 0.66
13 78 0.88
13 79 0.31
13 80 0.54
13 81 0.23
13 82 0.51
13 83 0.92
13 84 0.03
13 85 0.83
13 86 0.45
13 87 0.73
13 88 0.4
13 89 0.19
13 90 0.51
13 91 0.04
13 92 0.93
13 93 0.8
13 94 0.62
13 95 0.31
13 96 0.23
13 97 0.98
13 98 0.7
13 99 0.27
14 15 0.89
14 16 0.71
14 17 0.31
14 18 0.51
14 19 0.38
14 20 0.41
14 21 0.67
14 22 0.86
14 23 0.88
14 24 0.08
14 25 0.25
14 26 0.44
14 27 0.13
14 28 0.18
14 29 0.88
14 30 0.02
14 31 0.96
14 32 0.53
14 33 0.7
14 34 0.5
14 35 0.21
14 36 0.08
14 37 0.28
14 38 0.84
14 39 0.67
14 40 0.67
14 41 0.65
14 42 0.55
14 43 0.25
14 44 0.29
14 45 0.5
14 46 0.63
14 47 0.52
14 48 0.95
14 49 0.82
14 50 0.43
14 51 0.06
14 52 0.2
14 53 0.1
14 54 0.25
14 55 1.0
14 56 0.07
14 57 0.09
14 58 0.08
14 59 0.29
14 60 0.73
14 61 0.31
14 62 0.21
14 63 0.3
14 64 0.68
14 65 0.16
14 66 0.68
14 67 0.18
14 68 0.78
14 69 0.13
14 70 0.19
14 71 0.68
14 72 0.68
14 73 0.74
14 74 0.78
14 75 0.45
14 76 0.74
14 77 0.65
14 78 0.57
14 79 0.31
14 80 0.52
14 81 0.24
14 82 0.35
14 83 0.16
14 84 0.2
14 85 0.36
14 86 0.8
14 87 0.06
14 88 0.34
14 89 0.2
14 90 0.49
14 91 0.58
14 92 0.84
14 93 0.97
14 94 0.65
14 95 0.57
14 96 0.52
14 97 0.65
14 98 0.89
14 99 0.33
15 16 0.66
15 17 0.92
15 18 0.39
15 19 0.68
15 20 0.14
15 21 0.12
15 22 0.65
15 23 0.03
15 24 0.05
15 25 0.92
15 26 0.36
15 27 0.57
15 28 0.46
15 29 0.83
15 30 0.65
15 31 0.72
15 32 0.59
15 33 0.8
15 34 0.99
15 35 0.69
15 36 0.59
15 37 0.44
15 38 0.32
15 39 0.04
15 40 0.7
15 41 0.45
15 42 0.17
15 43 0.85
15 44 0.99
15 45 0.17
15 46 0.33
15 47 0.6
15 48 0.99
15 49 0.7
15 50 0.71
15 51 0.25
15 52 0.31
15 53 0.39
15 54 0.91
15 55 0.56
15 56 0.38
15 57 0.3
15 58 0.73
15 59 0.06
15 60 0.5
15 61 0.14
15 62 0.51
15 63 0.3
15 64 0.61
15 65 0.52
15 66 0.65
15 67 0.95
15 68 0.71
15 69 0.15
15 70 0.58
15 71 0.28
15 72 0.22
15 73 0.38
15 74 0.59
15 75 0.33
15 76 0.11
15 77 0.13
15 78 0.13
15 79 0.19
15 80 0.64
15 81 0.21
15 82 0.26
15 83 0.5
15 84 0.75
15 85 0.84
15 86 0.73
15 87 0.88
15 88 0.46
15 89 0.48
15 90 0.81
15 91 0.45
15 92 0.92
15 93 0.04
15 94 0.82
15 95 0.68
15 96 0.72
15 97 0.84
15 98 0.81
15 99 0.08
16 17 0.69
16 18 0.66
16 19 0.45
16 20 0.08
16 21 0.76
16 22 0.22
16 23 0.42
16 24 0.53
16 25 0.7
16 26 0.03
16 27 0.89
16 28 0.48
16 29 0.07
16 30 0.16
16 31 0.8
16 32 0.45
16 33 0.29
16 34 0.81
16 35 0.9
16 36 0.94
16 37 0.99
16 38 0.57
16 39 0.48
16 40 0.41
16 41 0.87
16 42 0.45
16 43 0.8
16 44 0.77
16 45 0.72
16 46 0.89
16 47 0.74
16 48 0.1
16 49 0.46
16 50 0.77
16 51 0.21
16 52 0.64
16 53 0.37
16 54 0.85
16 55 0.91
16 56 1.0
16 57 0.12
16 58 0.88
16 59 0.99
16 60 0.07
16 61 0.12
16 62 0.78
16 63 0.23
16 64 0.84
16 65 0.02
16 66 1.01
16 67 0.42
16 68 0.67
16 69 0.38
16 70 0.29
16 71 0.75
16 72 0.67
16 73 0.31
16 74 0.33
16 75 0.88
16 76 0.68
16 77 0.91
16 78 0.79
16 79 0.25
16 80 0.57
16 81 0.8
16 82 0.23
16 83 0.59
16 84 0.08
16 85 0.29
16 86 0.23
16 87 0.28
16 88 0.23
16 89 0.97
16 90 0.62
16 91 0.36
16 92 0.16
16 93 0.49
16 94 0.55
16 95 0.15
16 96 0.66
16 97 0.9
16 98 0.83
16 99 0.73
17 18 0.93
17 19 0.7
17 20 0.32
17 21 0.88
17 22 0.87
17 23 0.96
17 24 0.28
17 25 0.05
17 26 0.61
17 27 0.91
17 28 0.36
17 29 0.94
17 30 0.11
17 31 0.4
17 32 0.4
17 33 0.29
17 34 0.58
17 35 0.7
17 36 0.04
17 37 0.38
17 38 0.04
17 39 0.99
17 40 0.96
17 41 0.55
17 42 0.22
17 43 0.73
17 44 0.81
17 45 0.84
17 46 0.94
17 47 0.06
17 48 0.92
17 49 0.65
17 50 0.63
17 51 0.49
17 52 0.42
17 53 0.91
17 54 0.98
17 55 0.52
17 56 0.23
17 57 0.94
17 58 0.35
17 59 0.33
17 60 0.16
17 61 0.09
17 62 0.57
17 63 0.46
17 64 0.71
17 65 0.34
17 66 0.51
17 67 0.91
17 68 0.84
17 69 0.45
17 70 0.86
17 71 0.91
17 72 0.23
17 73 0.23
17 74 0.75
17 75 0.08
17 76 0.24
17 77 0.08
17 78 0.31
17 79 0.46
17 80 0.2
17 81 0.63
17 82 0.85
17 83 0.41
17 84 0.68
17 85 0.33
17 86 0.23
17 87 0.75
17 88 0.55
17 89 0.12
17 90 0.02
17 91 0.62
17 92 0.35
17 93 0.59
17 94 0.65
17 95 0.91
17 96 0.08
17 97 0.5
17 98 0.23
17 99 0.15
18 19 0.33
18 20 0.73
18 21 0.36
18 22 0.7
18 23 0.67
18 24 0.07
18 25 0.84
18 26 0.82
18 27 0.19
18 28 0.08
18 29 0.46
18 30 0.79
18 31 0.62
18 32 0.84
18 33 0.56
18 34 0.51
18 35 0.75
18 36 0.76
18 37 0.99
18 38 0.37
18 39 0.41
18 40 0.56
18 41 0.69
18 42 0.43
18 43 0.01
18 44 0.49
18 45 0.69
18 46 0.89
18 47 0.96
18 48 0.46
18 49 0.89
18 50 0.83
18 51 0.86
18 52 0.7
18 53 0.54
18 54 0.4
18 55 0.87
18 56 0.69
18 57 0.73
18 58 0.42
18 59 0.86
18 60 0.74
18 61 0.07
18 62 0.99
18 63 0.74
18 64 0.99
18 65 0.06
18 66 0.24
18 67 0.9
18 68 0.66
18 69 0.23
18 70 0.18
18 71 0.11
18 72 0.37
18 73 0.87
18 74 0.85
18 75 0.38
18 76 0.96
18 77 0.42
18 78 0.03
18 79 0.32
18 80 0.23
18 81 0.3
18 82 0.86
18 83 0.82
18 84 0.37
18 85 0.03
18 86 0.3
18 87 0.22
18 88 0.24
18 89 0.13
18 90 0.39
18 91 0.57
18 92 0.66
18 93 0.99
18 94 0.62
18 95 0.62
18 96 0.31
18 97 0.43
18 98 0.7
18 99 0.73
19 20 0.77
19 21 0.9
19 22 0.2
19 23 0.54
19 24 0.15
19 25 0.47
19 26 0.87
19 27 0.09
19 28 0.83
19 29 0.74
19 30 0.61
19 31 0.5
19 32 0.24
19 33 0.88
19 34 0.64
19 35 0.95
19 36 0.71
19 37 0.58
19 38 0.67
19 39 0.63
19 40 0.44
19 41 0.49
19 42 0.54
19 43 0.04
19 44 0.34
19 45 0.58
19 46 0.72
19 47 0.35
19 48 0.2
19 49 0.24
19 50 0.09
19 51 0.03
19 52 0.08
19 53 0.78
19 54 0.93
19 55 0.18
19 56 0.49
19 57 0.2
19 58 0.36
19 59 0.74
19 60 0.89
19 61 0.92
19 62 0.35
19 63 0.32
19 64 0.97
19 65 0.99
19 66 0.66
19 67 0.5
19 68 0.85
19 69 0.37
19 70 0.78
19 71 0.62
19 72 0.61
19 73 0.51
19 74 0.29
19 75 0.26
19 76 0.33
19 77 0.15
19 78 1.01
19 79 0.02
19 80 0.56
19 81 0.06
19 82 0.3
19 83 0.23
19 84 0.51
19 85 0.03
19 86 1.0
19 87 0.47
19 88 0.3
19 89 0.18
19 90 0.04
19 91 0.3
19 92 0.34
19 93 0.56
19 94 0.05
19 95 0.82
19 96 0.94
19 97 0.7
19 98 0.86
19 99 0.01
20 21 0.89
20 22 0.47
20 23 0.44
20 24 0.71
20 25 0.43
20 26 0.25
20 27 0.77
20 28 0.85
20 29 1.01
20 30 0.99
20 31 0.04
20 32 0.5
20 33 0.18
20 34 0.89
20 35 0.02
20 36 0.94
20 37 0.68
20 38 0.18
20 39 0.04
20 40 0.15
20 41 0.17
20 42 0.41
20 43 0.81
20 44 0.73
20 45 0.92
20 46 0.07
20 47 0.67
20 48 0.98
20 49 0.22
20 50 0.35
20 51 0.34
20 52 0.91
20 53 0.83
20 54 0.09
20 55 0.02
20 56 0.7
20 57 0.85
20 58 0.64
20 59 0.38
20 60 0.43
20 61 0.28
20 62 0.67
20 63 0.48
20 64 0.49
20 65 0.03
20 66 0.34
20 67 0.23
20 68 0.12
20 69 0.67
20 70 0.12
20 71 0.38
20 72 0.42
20 73 0.32
20 74 0.04
20 75 0.34
20 76 0.1
20 77 0.46
20 78 0.82
20 79 0.76
20 80 0.48
20 81 0.73
20 82 0.13
20 83 0.06
20 84 0.81
20 85 0.73
20 86 0.88
20 87 0.59
20 88 0.96
20 89 0.39
20 90 0.1
20 91 0.37
20 92 0.6
20 93 0.3
20 94 0.48
20 95 0.53
20 96 0.62
20 97 0.41
20 98 0.59
20 99 0.23
21 22 0.83
21 23 0.12
21 24 0.37
21 25 0.49
21 26 0.72
21 27 0.8
21 28 0.58
21 29 0.33
21 30 0.16
21 31 0.44
21 32 0.24
21 33 0.56
21 34 0.9
21 35 0.56
21 36 0.86
21 37 1.01
21 38 0.61
21 39 0.21
21 40 0.37
21 41 0.3
21 42 0.24
21 43 0.91
21 44 0.94
21 45 0.95
21 46 0.34
21 47 0.64
21 48 0.86
21 49 0.99
21 50 0.28
21 51 0.14
21 52 0.1
21 53 0.38
21 54 0.48
21 55 0.71
21 56 0.41
21 57 0.63
21 58 0.54
21 59 0.81
21 60 0.85
21 61 0.22
21 62 0.95
21 63 0.34
21 64 0.13
21 65 0.72
21 66 0.96
21 67 0.68
21 68 0.36
21 69 0.96
21 70 0.59
21 71 0.55
21 72 0.43
21 73 0.53
21 74 0.94
21 75 0.56
21 76 0.91
21 77 0.26
21 78 0.94
21 79 0.38
21 80 0.74
21 81 0.62
21 82 0.6
21 83 0.54
21 84 0.56
21 85 0.14
21 86 1.01
21 87 0.35
21 88 0.14
21 89 0.59
21 90 0.03
21 91 0.63
21 92 0.79
21 93 0.14
21 94 0.91
21 95 0.16
21 96 0.88
21 97 0.45
21 98 0.8
21 99 0.7
22 23 0.13
22 24 0.11
22 25 0.58
22 26 0.09
22 27 0.97
22 28 0.11
22 29 0.75
22 30 0.44
22 31 0.85
22 32 0.07
22 33 0.09
22 34 0.44
22 35 0.26
22 36 0.63
22 37 0.16
22 38 0.78
22 39 0.46
22 40 0.59
22 41 0.21
22 42 0.72
22 43 0.41
22 44 0.89
22 45 0.88
22 46 0.67
22 47 0.74
22 48 0.58
22 49 1.0
22 50 0.06
22 51 0.9
22 52 0.61
22 53 0.37
22 54 0.22
22 55 0.64
22 56 0.36
22 57 0.75
22 58 0.9
22 59 0.62
22 60 0.44
22 61 0.66
22 62 0.89
22 63 0.09
22 64 0.1
22 65 0.7
22 66 0.86
22 67 0.62
22 68 0.64
22 69 0.69
22 70 0.81
22 71 0.76
22 72 0.71
22 73 0.65
22 74 0.13
22 75 1.01
22 76 0.41
22 77 0.19
22 78 0.72
22 79 0.25
22 80 0.13
22 81 0.73
22 82 0.23
22 83 0.69
22 84 0.57
22 85 0.56
22 86 0.59
22 87 0.1
22 88 0.47
22 89 0.72
22 90 0.18
22 91 0.3
22 92 0.46
22 93 0.59
22 94 0.35
22 95 0.34
22 96 0.39
22 97 0.1
22 98 1.0
22 99 0.28
23 24 0.32
23 25 0.93
23 26 0.03
23 27 0.04
23 28 0.51
23 29 0.27
23 30 0.67
23 31 0.45
23 32 0.34
23 33 0.25
23 34 1.01
23 35 0.31
23 36 0.63
23 37 0.21
23 38 0.8
23 39 0.13
23 40 0.89
23 41 0.63
23 42 0.93
23 43 0.64
23 44 0.17
23 45 0.82
23 46 0.97
23 47 0.71
23 48 0.93
23 49 0.19
23 50 0.85
23 51 0.19
23 52 0.56
23 53 1.01
23 54 0.42
23 55 0.65
23 56 0.62
23 57 0.45
23 58 0.94
23 59 0.18
23 60 0.23
23 61 0.7
23 62 0.57
23 63 0.42
23 64 0.51
23 65 0.83
23 66 0.46
23 67 0.41
23 68 0.93
23 69 0.15
23 70 0.37
23 71 0.24
23 72 0.93
23 73 0.24
23 74 0.22
23 75 0.35
23 76 0.83
23 77 0.2
23 78 0.77
23 79 0.75
23 80 0.09
23 81 0.57
23 82 0.64
23 83 0.72
23 84 0.98
23 85 0.26
23 86 0.26
23 87 0.08
23 88 0.76
23 89 0.75
23 90 1.0
23 91 0.67
23 92 0.55
23 93 0.87
23 94 0.43
23 95 0.49
23 96 0.22
23 97 0.64
23 98 0.83
23 99 0.88
24 25 0.64
24 26 0.28
24 27 0.46
24 28 0.68
24 29 1.01
24 30 0.32
24 31 0.42
24 32 0.5
24 33 0.28
24 34 0.67
24 35 0.49
24 36 0.64
24 37 0.22
24 38 0.06
24 39 0.11
24 40 0.28
24 41 0.16
24 42 0.76
24 43 0.15
24 44 0.15
24 45 0.21
24 46 0.68
24 47 0.48
24 48 0.82
24 49 0.45
24 50 0.9
24 51 0.96
24 52 0.25
24 53 0.64
24 54 0.81
24 55 0.84
24 56 0.03
24 57 0.53
24 58 0.61
24 59 0.48
24 60 0.73
24 61 0.57
24 62 0.29
24 63 0.2
24 64 0.22
24 65 0.56
24 66 0.59
24 67 0.19
24 68 0.44
24 69 0.96
24 70 0.73
24 71 0.66
24 72 0.87
24 73 0.43
24 74 0.33
24 75 0.47
24 76 0.07
24 77 0.28
24 78 0.62
24 79 0.64
24 80 0.64
24 81 0.12
24 82 0.92
24 83 0.7
24 84 0.73
24 85 0.97
24 86 0.88
24 87 0.84
24 88 0.36
24 89 0.22
24 90 0.58
24 91 0.68
24 92 0.58
24 93 0.11
24 94 1.0
24 95 0.59
24 96 0.82
24 97 0.42
24 98 0.92
24 99 0.86
25 26 0.38
25 27 0.51
25 28 0.81
25 29 0.61
25 30 0.04
25 31 0.8
25 32 0.93
25 33 0.47
25 34 0.31
25 35 0.99
25 36 0.71
25 37 0.56
25 38 0.88
25 39 0.96
25 40 1.01
25 41 0.55
25 42 0.7
25 43 0.67
25 44 0.89
25 45 0.08
25 46 0.38
25 47 0.63
25 48 0.71
25 49 0.19
25 50 0.18
25 51 0.62
25 52 0.1
25 53 0.82
25 54 0.48
25 55 0.29
25 56 0.22
25 57 0.29
25 58 0.21
25 59 0.73
25 60 0.27
25 61 0.83
25 62 0.35
25 63 0.8
25 64 0.9
25 65 0.46
25 66 0.17
25 67 0.42
25 68 0.65
25 69 0.03
25 70 0.13
25 71 0.57
25 72 0.58
25 73 0.91
25 74 0.09
25 75 0.64
25 76 0.15
25 77 0.2
25 78 0.82
25 79 0.29
25 80 0.5
25 81 0.11
25 82 0.5
25 83 0.84
25 84 0.78
25 85 0.69
25 86 0.72
25 87 0.19
25 88 0.6
25 89 0.31
25 90 0.17
25 91 0.25
25 92 0.09
25 93 0.74
25 94 0.44
25 95 0.76
25 96 0.8
25 97 0.48
25 98 0.82
25 99 0.56
26 27 0.82
26 28 1.0
26 29 0.4
26 30 0.68
26 31 0.27
26 32 0.22
26 33 0.69
26 34 0.61
26 35 0.35
26 36 0.68
26 37 0.92
26 38 0.6
26 39 0.52
26 40 0.88
26 41 0.45
26 42 0.02
26 43 0.29
26 44 0.91
26 45 1.0
26 46 0.28
26 47 0.67
26 48 0.18
26 49 0.11
26 50 0.78
26 51 0.06
26 52 0.41
26 53 0.26
26 54 0.91
26 55 0.81
26 56 0.24
26 57 0.74
26 58 0.65
26 59 0.86
26 60 0.47
26 61 0.85
26 62 0.33
26 63 0.99
26 64 0.85
26 65 0.69
26 66 0.92
26 67 0.34
26 68 0.11
26 69 0.9
26 70 0.16
26 71 0.68
26 72 0.56
26 73 0.55
26 74 0.2
26 75 0.5
26 76 0.05
26 77 0.92
26 78 0.5
26 79 0.89
26 80 0.24
26 81 0.59
26 82 0.57
26 83 0.96
26 84 0.75
26 85 0.68
26 86 0.24
26 87 0.98
26 88 0.07
26 89 0.95
26 90 0.33
26 91 0.39
26 92 0.4
26 93 0.77
26 94 0.53
26 95 0.98
26 96 0.77
26 97 0.12
26 98 0.65
26 99 0.01
27 28 0.66
27 29 0.02
27 30 0.3
27 31 0.01
27 32 0.63
27 33 0.84
27 34 0.36
27 35 0.08
27 36 0.35
27 37 0.94
27 38 0.96
27 39 0.22
27 40 0.93
27 41 0.97
27 42 0.21
27 43 0.46
27 44 0.55
27 45 0.05
27 46 0.47
27 47 0.74
27 48 0.98
27 49 0.75
27 50 0.62
27 51 0.74
27 52 1.01
27 53 0.6
27 54 0.72
27 55 0.04
27 56 0.53
27 57 0.43
27 58 0.65
27 59 0.85
27 60 0.93
27 61 0.29
27 62 0.55
27 63 0.48
27 64 0.08
27 65 0.28
27 66 0.96
27 67 0.09
27 68 0.14
27 69 0.89
27 70 0.1
27 71 0.22
27 72 0.65
27 73 0.13
27 74 0.77
27 75 0.12
27 76 0.6
27 77 0.78
27 78 0.52
27 79 0.42
27 80 0.34
27 81 0.33
27 82 0.25
27 83 0.74
27 84 0.38
27 85 1.0
27 86 0.84
27 87 0.04
27 88 1.0
27 89 1.01
27 90 0.31
27 91 0.77
27 92 0.47
27 93 0.54
27 94 0.51
27 95 0.91
27 96 0.81
27 97 0.39
27 98 0.59
27 99 0.07
28 29 0.2
28 30 0.61
28 31 0.71
28 32 0.12
28 33 0.87
28 34 0.16
28 35 0.04
28 36 0.91
28 37 0.42
28 38 0.06
28 39 0.61
28 40 0.21
28 41 0.59
28 42 0.85
28 43 0.42
28 44 0.75
28 45 0.75
28 46 0.55
28 47 0.57
28 48 0.84
28 49 0.61
28 50 0.42
28 51 0.8
28 52 0.35
28 53 0.19
28 54 0.25
28 55 0.88
28 56 0.28
28 57 0.79
28 58 0.29
28 59 0.15
28 60 0.08
28 61 0.91
28 62 0.03
28 63 0.19
28 64 0.96
28 65 0.02
28 66 0.5
28 67 0.82
28 68 0.41
28 69 0.79
28 70 0.42
28 71 0.17
28 72 0.24
28 73 0.82
28 74 0.86
28 75 0.15
28 76 0.68
28 77 0.89
28 78 0.83
28 79 0.92
28 80 0.65
28 81 0.37
28 82 0.22
28 83 0.4
28 84 0.96
28 85 0.43
28 86 0.97
28 87 0.17
28 88 0.22
28 89 0.75
28 90 0.12
28 91 0.91
28 92 0.33
28 93 0.31
28 94 0.77
28 95 0.86
28 96 0.47
28 97 0.86
28 98 0.11
28 99 0.83
29 30 0.14
29 31 0.57
29 32 0.39
29 33 0.46
29 34 0.29
29 35 0.19
29 36 0.18
29 37 0.94
29 38 0.06
29 39 0.56
29 40 0.66
29 41 0.98
29 42 0.65
29 43 0.12
29 44 0.77
29 45 0.13
29 46 0.02
29 47 0.58
29 48 0.16
29 49 0.99
29 50 0.69
29 51 0.76
29 52 0.22
29 53 0.19
29 54 0.25
29 55 0.4
29 56 0.3
29 57 0.46
29 58 0.83
29 59 0.23
29 60 0.93
29 61 0.17
29 62 0.84
29 63 0.06
29 64 0.15
29 65 0.14
29 66 0.41
29 67 0.56
29 68 0.52
29 69 0.67
29 70 0.02
29 71 0.53
29 72 0.69
29 73 0.39
29 74 0.4
29 75 0.62
29 76 0.44
29 77 0.34
29 78 0.22
29 79 0.34
29 80 0.7
29 81 0.6
29 82 0.09
29 83 0.2
29 84 0.89
29 85 0.87
29 86 0.19
29 87 0.24
29 88 0.59
29 89 0.11
29 90 0.21
29 91 0.26
29 92 0.77
29 93 1.01
29 94 0.2
29 95 0.22
29 96 0.74
29 97 0.35
29 98 0.62
29 99 0.58
30 31 0.76
30 32 0.72
30 33 0.26
30 34 0.24
30 35 0.74
30 36 0.37
30 37 0.98
30 38 0.28
30 39 0.33
30 40 0.43
30 41 0.79
30 42 0.81
30 43 0.91
30 44 0.09
30 45 0.74
30 46 0.36
30 47 0.31
30 48 0.52
30 49 0.04
30 50 0.32
30 51 0.71
30 52 0.71
30 53 0.91
30 54 0.86
30 55 0.25
30 56 0.73
30 57 0.08
30 58 0.09
30 59 0.2
30 60 0.38
30 61 0.64
30 62 0.66
30 63 0.33
30 64 0.43
30 65 0.11
30 66 1.0
30 67 0.19
30 68 0.24
30 69 0.02
30 70 0.92
30 71 0.81
30 72 0.89
30 73 0.42
30 74 0.35
30 75 0.51
30 76 0.28
30 77 0.74
30 78 0.42
30 79 0.63
30 80 0.3
30 81 0.03
30 82 0.1
30 83 0.33
30 84 0.28
30 85 0.3
30 86 0.75
30 87 0.67
30 88 0.39
30 89 0.65
30 90 0.08
30 91 0.33
30 92 0.2
30 93 0.5
30 94 0.96
30 95 0.45
30 96 0.75
30 97 1.0
30 98 0.9
30 99 0.4
31 32 0.16
31 33 0.49
31 34 0.79
31 35 0.62
31 36 0.73
31 37 0.31
31 38 0.81
31 39 0.96
31 40 0.55
31 41 0.05
31 42 0.78
31 43 0.02
31 44 0.91
31 45 0.63
31 46 0.75
31 47 0.53
31 48 0.95
31 49 0.75
31 50 0.44
31 51 0.22
31 52 0.77
31 53 0.82
31 54 0.76
31 55 0.75
31 56 0.55
31 57 0.76
31 58 0.63
31 59 0.49
31 60 0.84
31 61 0.53
31 62 0.47
31 63 0.31
31 64 0.81
31 65 0.99
31 66 0.87
31 67 0.16
31 68 0.43
31 69 0.12
31 70 0.9
31 71 0.23
31 72 1.01
31 73 0.7
31 74 0.65
31 75 0.52
31 76 0.59
31 77 0.86
31 78 0.91
31 79 0.24
31 80 0.71
31 81 0.33
31 82 0.14
31 83 0.8
31 84 0.75
31 85 0.76
31 86 0.38
31 87 0.8
31 88 0.76
31 89 0.24
31 90 0.13
31 91 0.76
31 92 0.07
31 93 0.77
31 94 0.79
31 95 0.06
31 96 0.59
31 97 0.48
31 98 0.42
31 99 0.06
32 33 0.85
32 34 0.46
32 35 1.0
32 36 0.19
32 37 0.5
32 38 0.63
32 39 0.94
32 40 0.41
32 41 0.46
32 42 0.98
32 43 0.14
32 44 0.98
32 45 0.43
32 46 0.74
32 47 0.41
32 48 0.73
32 49 0.85
32 50 0.24
32 51 0.02
32 52 0.57
32 53 0.81
32 54 0.38
32 55 0.9
32 56 0.33
32 57 0.9
32 58 1.01
32 59 0.41
32 60 0.3
32 61 0.25
32 62 0.78
32 63 0.05
32 64 0.27
32 65 0.8
32 66 0.79
32 67 0.16
32 68 0.89
32 69 0.88
32 70 0.46
32 71 0.15
32 72 0.99
32 73 0.45
32 74 1.0
32 75 0.88
32 76 0.85
32 77 0.17
32 78 0.45
32 79 0.14
32 80 0.06
32 81 0.9
32 82 0.72
32 83 0.48
32 84 0.09
32 85 0.11
32 86 0.59
32 87 0.4
32 88 0.86
32 89 0.97
32 90 0.94
32 91 0.88
32 92 0.14
32 93 0.95
32 94 0.37
32 95 0.85
32 96 0.26
32 97 0.29
32 98 0.77
32 99 0.37
33 34 0.19
33 35 0.18
33 36 0.37
33 37 0.02
33 38 0.19
33 39 0.89
33 40 0.11
33 41 0.75
33 42 0.82
33 43 0.84
33 44 0.5
33 45 0.52
33 46 0.26
33 47 0.17
33 48 0.09
33 49 0.19
33 50 0.66
33 51 0.87
33 52 0.93
33 53 0.92
33 54 0.65
33 55 0.04
33 56 0.03
33 57 0.76
33 58 0.52
33 59 0.48
33 60 0.02
33 61 0.19
33 62 0.75
33 63 0.64
33 64 0.76
33 65 0.17
33 66 0.11
33 67 0.11
33 68 0.19
33 69 0.47
33 70 0.08
33 71 0.27
33 72 0.33
33 73 0.93
33 74 0.39
33 75 0.45
33 76 0.01
33 77 0.88
33 78 0.85
33 79 0.37
33 80 0.94
33 81 0.96
33 82 0.57
33 83 0.85
33 84 0.88
33 85 0.27
33 86 0.37
33 87 0.02
33 88 0.69
33 89 0.05
33 90 0.11
33 91 0.71
33 92 0.68
33 93 0.22
33 94 0.13
33 95 0.87
33 96 0.3
33 97 0.72
33 98 0.46
33 99 0.64
34 35 0.46
34 36 0.86
34 37 0.41
34 38 0.44
34 39 0.28
34 40 0.12
34 41 0.3
34 42 0.85
34 43 0.17
34 44 0.05
34 45 0.47
34 46 0.14
34 47 0.2
34 48 0.83
34 49 0.29
34 50 0.34
34 51 0.36
34 52 0.15
34 53 0.71
34 54 0.42
34 55 0.09
34 56 0.75
34 57 0.93
34 58 0.55
34 59 0.01
34 60 0.26
34 61 0.75
34 62 0.55
34 63 0.13
34 64 0.81
34 65 0.81
34 66 0.07
34 67 1.0
34 68 0.3
34 69 0.86
34 70 0.19
34 71 0.27
34 72 0.18
34 73 0.29
34 74 0.38
34 75 0.55
34 76 0.77
34 77 0.81
34 78 0.94
34 79 0.22
34 80 0.9
34 81 0.22
34 82 0.14
34 83 0.06
34 84 0.75
34 85 0.32
34 86 0.89
34 87 0.23
34 88 0.79
34 89 0.82
34 90 0.59
34 91 0.23
34 92 0.55
34 93 0.5
34 94 0.57
34 95 0.76
34 96 0.87
34 97 0.65
34 98 0.93
34 99 0.86
35 36 0.82
35 37 0.31
35 38 0.59
35 39 0.17
35 40 0.03
35 41 0.61
35 42 0.91
35 43 0.73
35 44 0.94
35 45 0.09
35 46 0.73
35 47 0.59
35 48 0.88
35 49 0.38
35 50 0.04
35 51 0.91
35 52 0.39
35 53 0.13
35 54 0.32
35 55 0.89
35 56 0.06
35 57 0.19
35 58 0.52
35 59 0.38
35 60 0.83
35 61 0.47
35 62 0.03
35 63 0.63
35 64 0.96
35 65 0.55
35 66 0.95
35 67 0.52
35 68 0.03
35 69 0.44
35 70 0.81
35 71 0.77
35 72 0.57
35 73 0.42
35 74 0.74
35 75 0.47
35 76 0.66
35 77 0.12
35 78 0.99
35 79 0.34
35 80 0.97
35 81 0.45
35 82 0.31
35 83 0.02
35 84 0.29
35 85 0.94
35 86 0.02
35 87 0.42
35 88 0.76
35 89 0.18
35 90 0.26
35 91 0.74
35 92 0.9
35 93 0.29
35 94 0.55
35 95 0.05
35 96 0.26
35 97 0.44
35 98 0.3
35 99 0.74
36 37 0.78
36 38 0.77
36 39 0.73
36 40 0.34
36 41 0.81
36 42 0.49
36 43 0.09
36 44 0.99
36 45 0.94
36 46 0.61
36 47 0.84
36 48 0.73
36 49 0.38
36 50 0.4
36 51 0.25
36 52 0.98
36 53 0.74
36 54 0.25
36 55 0.17
36 56 0.32
36 57 0.47
36 58 0.82
36 59 0.4
36 60 0.46
36 61 0.66
36 62 0.15
36 63 0.77
36 64 0.93
36 65 0.74
36 66 0.78
36 67 1.01
36 68 0.59
36 69 0.39
36 70 0.02
36 71 0.36
36 72 0.96
36 73 0.54
36 74 0.95
36 75 0.56
36 76 0.13
36 77 0.08
36 78 0.72
36 79 0.07
36 80 0.2
36 81 0.3
36 82 0.17
36 83 0.52
36 84 0.28
36 85 0.23
36 86 0.89
36 87 0.47
36 88 0.48
36 89 0.01
36 90 0.71
36 91 0.61
36 92 0.99
36 93 0.94
36 94 0.31
36 95 0.93
36 96 0.79
36 97 0.69
36 98 0.86
36 99 0.85
37 38 0.78
37 39 0.5
37 40 0.63
37 41 0.38
37 42 0.52
37 43 0.89
37 44 0.1
37 45 0.18
37 46 0.68
37 47 0.27
37 48 0.1
37 49 0.83
37 50 0.56
37 51 0.43
37 52 0.32
37 53 0.32
37 54 0.69
37 55 0.88
37 56 0.6
37 57 0.83
37 58 0.48
37 59 0.33
37 60 0.95
37 61 0.2
37 62 0.07
37 63 0.81
37 64 0.52
37 65 0.55
37 66 0.84
37 67 0.19
37 68 0.12
37 69 0.08
37 70 0.34
37 71 0.89
37 72 0.12
37 73 0.49
37 74 0.12
37 75 0.31
37 76 0.77
37 77 0.98
37 78 0.44
37 79 0.37
37 80 0.89
37 81 0.88
37 82 0.3
37 83 0.46
37 84 0.23
37 85 0.97
37 86 0.65
37 87 0.15
37 88 0.32
37 89 1.01
37 90 0.48
37 91 0.72
37 92 0.08
37 93 0.38
37 94 0.05
37 95 0.7
37 96 0.23
37 97 0.52
37 98 0.79
37 99 0.34
38 39 0.28
38 40 0.33
38 41 0.14
38 42 0.03
38 43 0.31
38 44 0.63
38 45 0.68
38 46 0.69
38 47 0.36
38 48 0.61
38 49 0.37
38 50 0.7
38 51 0.54
38 52 0.15
38 53 0.25
38 54 0.83
38 55 0.41
38 56 0.01
38 57 0.58
38 58 0.53
38 59 0.75
38 60 0.9
38 61 0.31
38 62 0.76
38 63 0.93
38 64 0.5
38 65 0.69
38 66 0.28
38 67 0.06
38 68 0.03
38 69 0.36
38 70 0.7
38 71 0.91
38 72 0.93
38 73 0.27
38 74 0.71
38 75 0.99
38 76 0.81
38 77 0.75
38 78 0.81
38 79 0.14
38 80 0.32
38 81 0.91
38 82 0.09
38 83 0.38
38 84 0.84
38 85 0.34
38 86 0.47
38 87 0.59
38 88 0.74
38 89 0.92
38 90 0.81
38 91 0.21
38 92 0.44
38 93 0.43
38 94 0.84
38 95 0.97
38 96 0.89
38 97 0.25
38 98 0.42
38 99 0.07
39 40 0.69
39 41 0.32
39 42 0.61
39 43 0.83
39 44 0.6
39 45 0.83
39 46 0.15
39 47 0.83
39 48 0.96
39 49 0.5
39 50 0.41
39 51 0.73
39 52 0.67
39 53 0.51
39 54 0.72
39 55 0.75
39 56 0.6
39 57 0.38
39 58 0.67
39 59 0.36
39 60 0.29
39 61 0.42
39 62 0.01
39 63 0.88
39 64 0.87
39 65 0.54
39 66 0.94
39 67 0.77
39 68 0.6
39 69 0.23
39 70 0.96
39 71 0.4
39 72 0.69
39 73 0.4
39 74 0.62
39 75 0.5
39 76 0.43
39 77 0.65
39 78 0.04
39 79 0.51
39 80 0.41
39 81 0.49
39 82 0.77
39 83 0.18
39 84 0.94
39 85 0.42
39 86 0.89
39 87 0.84
39 88 0.04
39 89 0.87
39 90 0.07
39 91 0.71
39 92 0.89
39 93 0.08
39 94 0.39
39 95 0.01
39 96 0.62
39 97 0.19
39 98 0.44
39 99 0.15
40 41 0.51
40 42 0.23
40 43 0.96
40 44 0.98
40 45 0.24
40 46 0.29
40 47 0.82
40 48 0.83
40 49 0.71
40 50 0.28
40 51 0.57
40 52 0.18
40 53 0.07
40 54 0.81
40 55 0.88
40 56 0.78
40 57 0.52
40 58 0.82
40 59 0.18
40 60 0.24
40 61 0.67
40 62 0.23
40 63 0.63
40 64 0.76
40 65 0.51
40 66 0.52
40 67 0.72
40 68 0.17
40 69 0.87
40 70 0.69
40 71 0.43
40 72 0.71
40 73 0.72
40 74 0.14
40 75 0.45
40 76 0.63
40 77 0.17
40 78 0.75
40 79 0.32
40 80 0.43
40 81 0.36
40 82 0.17
40 83 0.47
40 84 0.1
40 85 0.49
40 86 0.44
40 87 0.38
40 88 0.34
40 89 0.82
40 90 0.19
40 91 0.53
40 92 0.92
40 93 0.73
40 94 0.18
40 95 0.29
40 96 0.71
40 97 0.11
40 98 0.5
40 99 0.94
41 42 0.8
41 43 0.33
41 44 0.16
41 45 0.57
41 46 0.52
41 47 0.04
41 48 0.57
41 49 0.15
41 50 0.24
41 51 0.69
41 52 0.39
41 53 0.2
41 54 1.0
41 55 0.25
41 56 0.1
41 57 0.57
41 58 0.71
41 59 1.0
41 60 0.03
41 61 0.58
41 62 0.04
41 63 0.78
41 64 0.23
41 65 0.96
41 66 0.97
41 67 0.83
41 68 0.19
41 69 0.62
41 70 0.31
41 71 0.41
41 72 0.84
41 73 0.69
41 74 0.27
41 75 0.38
41 76 0.65
41 77 0.54
41 78 0.2
41 79 0.96
41 80 0.13
41 81 0.29
41 82 0.26
41 83 0.83
41 84 0.53
41 85 0.22
41 86 0.36
41 87 0.48
41 88 0.75
41 89 0.52
41 90 0.97
41 91 0.38
41 92 0.26
41 93 0.08
41 94 0.74
41 95 0.08
41 96 0.99
41 97 0.8
41 98 0.9
41 99 0.96
42 43 0.49
42 44 0.72
42 45 0.58
42 46 0.67
42 47 0.73
42 48 0.73
42 49 0.65
42 50 0.48
42 51 0.89
42 52 0.54
42 53 0.31
42 54 0.93
42 55 0.17
42 56 0.58
42 57 0.54
42 58 0.59
42 59 0.43
42 60 0.7
42 61 0.23
42 62 0.74
42 63 0.39
42 64 0.9
42 65 0.13
42 66 0.45
42 67 0.59
42 68 0.03
42 69 0.14
42 70 0.97
42 71 0.94
42 72 0.83
42 73 0.53
42 74 0.57
42 75 0.47
42 76 0.51
42 77 0.06
42 78 0.81
42 79 0.24
42 80 0.25
42 81 0.93
42 82 0.07
42 83 0.04
42 84 0.97
42 85 0.69
42 86 0.49
42 87 0.7
42 88 0.45
42 89 0.6
42 90 0.29
42 91 0.84
42 92 0.76
42 93 0.87
42 94 0.08
42 95 0.41
42 96 0.7
42 97 0.46
42 98 0.08
42 99 0.22
43 44 0.73
43 45 0.47
43 46 0.1
43 47 0.25
43 48 0.55
43 49 0.38
43 50 0.2
43 51 0.26
43 52 0.04
43 53 0.14
43 54 0.99
43 55 0.21
43 56 0.88
43 57 0.96
43 58 0.39
43 59 0.26
43 60 0.74
43 61 0.02
43 62 0.63
43 63 0.78
43 64 0.89
43 65 0.66
43 66 0.94
43 67 0.05
43 68 0.9
43 69 0.61
43 70 0.31
43 71 0.39
43 72 0.42
43 73 0.9
43 74 0.62
43 75 0.79
43 76 0.51
43 77 0.26
43 78 0.23
43 79 0.92
43 80 0.26
43 81 0.77
43 82 0.85
43 83 0.71
43 84 0.59
43 85 0.53
43 86 0.09
43 87 0.26
43 88 0.09
43 89 0.8
43 90 0.9
43 91 0.58
43 92 0.84
43 93 0.05
43 94 0.87
43 95 0.1
43 96 0.07
43 97 0.35
43 98 0.58
43 99 1.0
44 45 0.84
44 46 0.67
44 47 0.58
44 48 0.38
44 49 0.76
44 50 0.9
44 51 0.77
44 52 0.92
44 53 0.5
44 54 0.04
44 55 0.31
44 56 0.08
44 57 0.04
44 58 0.9
44 59 0.34
44 60 0.24
44 61 0.55
44 62 0.19
44 63 0.66
44 64 0.37
44 65 0.38
44 66 0.74
44 67 0.96
44 68 0.38
44 69 0.89
44 70 0.65
44 71 0.21
44 72 0.56
44 73 0.03
44 74 0.17
44 75 0.46
44 76 0.91
44 77 0.12
44 78 0.74
44 79 0.77
44 80 0.47
44 81 0.43
44 82 0.51
44 83 0.11
44 84 0.91
44 85 0.88
44 86 0.32
44 87 0.44
44 88 0.65
44 89 0.44
44 90 0.65
44 91 0.67
44 92 0.37
44 93 0.53
44 94 0.08
44 95 0.88
44 96 0.62
44 97 0.88
44 98 0.35
44 99 0.35
45 46 0.27
45 47 0.17
45 48 0.25
45 49 0.1
45 50 0.14
45 51 0.82
45 52 0.46
45 53 0.84
45 54 0.73
45 55 1.01
45 56 0.11
45 57 0.11
45 58 0.7
45 59 0.98
45 60 0.61
45 61 0.28
45 62 0.18
45 63 0.03
45 64 0.12
45 65 0.09
45 66 0.45
45 67 0.09
45 68 0.82
45 69 0.04
45 70 0.06
45 71 0.6
45 72 0.37
45 73 0.29
45 74 0.44
45 75 0.48
45 76 0.23
45 77 0.95
45 78 0.91
45 79 0.67
45 80 0.9
45 81 0.58
45 82 0.44
45 83 0.81
45 84 0.14
45 85 0.23
45 86 0.23
45 87 0.39
45 88 0.22
45 89 0.69
45 90 0.63
45 91 0.34
45 92 0.99
45 93 0.6
45 94 0.69
45 95 0.34
45 96 0.56
45 97 0.35
45 98 0.38
45 99 0.6
46 47 0.32
46 48 0.48
46 49 0.35
46 50 0.05
46 51 0.36
46 52 0.11
46 53 0.07
46 54 0.86
46 55 0.43
46 56 0.15
46 57 0.67
46 58 0.45
46 59 0.13
46 60 0.11
46 61 0.31
46 62 0.2
46 63 0.79
46 64 0.77
46 65 0.43
46 66 0.03
46 67 0.23
46 68 0.87
46 69 0.7
46 70 0.77
46 71 0.02
46 72 0.26
46 73 0.96
46 74 0.89
46 75 0.45
46 76 0.03
46 77 0.42
46 78 0.7
46 79 0.61
46 80 0.46
46 81 0.52
46 82 0.16
46 83 0.3
46 84 0.71
46 85 0.56
46 86 0.1
46 87 0.11
46 88 0.12
46 89 0.2
46 90 0.85
46 91 0.44
46 92 0.42
46 93 0.55
46 94 0.79
46 95 0.9
46 96 0.39
46 97 0.85
46 98 0.42
46 99 0.96
47 48 0.53
47 49 0.03
47 50 0.57
47 51 0.16
47 52 0.7
47 53 0.95
47 54 0.1
47 55 0.51
47 56 0.65
47 57 0.48
47 58 0.17
47 59 0.31
47 60 0.09
47 61 0.47
47 62 0.25
47 63 0.39
47 64 0.96
47 65 0.98
47 66 0.37
47 67 0.32
47 68 0.64
47 69 0.87
47 70 0.33
47 71 0.42
47 72 0.03
47 73 0.2
47 74 0.3
47 75 0.29
47 76 0.56
47 77 0.48
47 78 0.2
47 79 0.57
47 80 0.53
47 81 0.61
47 82 0.74
47 83 0.12
47 84 0.22
47 85 0.94
47 86 1.0
47 87 0.32
47 88 0.36
47 89 0.71
47 90 0.6
47 91 0.98
47 92 0.31
47 93 0.24
47 94 0.16
47 95 0.53
47 96 0.47
47 97 0.46
47 98 0.93
47 99 0.37
48 49 0.56
48 50 0.97
48 51 0.76
48 52 0.75
48 53 0.63
48 54 0.35
48 55 0.99
48 56 0.64
48 57 0.95
48 58 0.51
48 59 0.36
48 60 1.0
48 61 0.89
48 62 0.41
48 63 0.19
48 64 0.67
48 65 0.09
48 66 0.09
48 67 0.35
48 68 0.91
48 69 0.95
48 70 0.1
48 71 0.47
48 72 0.2
48 73 0.62
48 74 0.31
48 75 0.25
48 76 0.62
48 77 0.01
48 78 0.66
48 79 0.55
48 80 0.32
48 81 0.3
48 82 0.72
48 83 0.25
48 84 0.96
48 85 0.93
48 86 0.26
48 87 0.06
48 88 0.63
48 89 0.5
48 90 0.18
48 91 0.36
48 92 0.54
48 93 0.98
48 94 0.5
48 95 0.11
48 96 0.35
48 97 0.77
48 98 0.72
48 99 0.26
49 50 0.27
49 51 0.84
49 52 0.1
49 53 0.32
49 54 0.83
49 55 0.05
49 56 0.11
49 57 0.55
49 58 0.66
49 59 0.99
49 60 0.86
49 61 0.41
49 62 0.58
49 63 0.37
49 64 0.44
49 65 0.29
49 66 0.46
49 67 0.78
49 68 0.88
49 69 0.03
49 70 0.94
49 71 0.82
49 72 0.58
49 73 0.48
49 74 0.32
49 75 0.22
49 76 0.45
49 77 0.18
49 78 0.72
49 79 0.53
49 80 0.87
49 81 0.56
49 82 0.47
49 83 0.87
49 84 0.46
49 85 0.38
49 86 0.12
49 87 0.14
49 88 0.2
49 89 0.98
49 90 0.23
49 91 0.21
49 92 0.67
49 93 0.78
49 94 0.75
49 95 0.83
49 96 0.97
49 97 0.51
49 98 0.61
49 99 0.08
50 51 0.86
50 52 0.06
50 53 0.59
50 54 0.16
50 55 0.36
50 56 0.43
50 57 0.55
50 58 0.25
50 59 0.08
50 60 0.45
50 61 0.16
50 62 0.51
50 63 0.26
50 64 0.29
50 65 0.58
50 66 0.59
50 67 0.62
50 68 0.71
50 69 0.13
50 70 0.62
50 71 0.34
50 72 0.07
50 73 0.79
50 74 0.81
50 75 0.51
50 76 0.25
50 77 0.46
50 78 0.4
50 79 0.29
50 80 0.08
50 81 0.78
50 82 0.37
50 83 0.41
50 84 0.58
50 85 0.32
50 86 0.27
50 87 0.55
50 88 0.25
50 89 0.9
50 90 0.58
50 91 0.89
50 92 0.15
50 93 0.81
50 94 0.32
50 95 0.42
50 96 0.91
50 97 0.92
50 98 0.51
50 99 0.3
51 52 0.98
51 53 0.18
51 54 0.41
51 55 0.43
51 56 0.52
51 57 0.89
51 58 0.43
51 59 1.01
51 60 0.16
51 61 0.87
51 62 0.01
51 63 0.44
51 64 0.58
51 65 1.0
51 66 0.02
51 67 0.27
51 68 0.38
51 69 0.52
51 70 0.23
51 71 0.28
51 72 0.38
51 73 0.82
51 74 0.03
51 75 0.99
51 76 0.76
51 77 0.7
51 78 0.32
51 79 0.29
51 80 0.36
51 81 0.71
51 82 0.65
51 83 0.66
51 84 0.75
51 85 0.74
51 86 0.36
51 87 0.3
51 88 0.29
51 89 0.1
51 90 0.07
51 91 0.84
51 92 0.48
51 93 0.48
51 94 0.66
51 95 0.77
51 96 0.35
51 97 0.16
51 98 0.17
51 99 0.55
52 53 0.81
52 54 0.36
52 55 0.93
52 56 0.56
52 57 0.3
52 58 0.18
52 59 0.07
52 60 0.47
52 61 0.48
52 62 0.2
52 63 0.83
52 64 0.2
52 65 0.23
52 66 0.05
52 67 1.0
52 68 0.16
52 69 0.55
52 70 0.62
52 71 0.37
52 72 0.45
52 73 0.96
52 74 0.66
52 75 0.97
52 76 0.36
52 77 0.58
52 78 0.57
52 79 0.07
52 80 0.11
52 81 0.84
52 82 0.33
52 83 0.9
52 84 0.88
52 85 0.11
52 86 1.0
52 87 0.43
52 88 0.12
52 89 0.24
52 90 0.27
52 91 0.4
52 92 0.51
52 93 0.6
52 94 0.44
52 95 0.14
52 96 0.24
52 97 0.07
52 98 0.9
52 99 0.72
53 54 0.32
53 55 0.2
53 56 0.73
53 57 0.94
53 58 0.28
53 59 0.22
53 60 0.24
53 61 0.59
53 62 0.02
53 63 0.85
53 64 0.75
53 65 0.32
53 66 0.11
53 67 0.45
53 68 0.91
53 69 0.57
53 70 0.98
53 71 0.12
53 72 0.38
53 73 0.09
53 74 0.87
53 75 0.49
53 76 0.34
53 77 0.47
53 78 0.37
53 79 0.9
53 80 0.96
53 81 0.4
53 82 0.97
53 83 0.18
53 84 0.36
53 85 0.44
53 86 0.96
53 87 0.16
53 88 0.43
53 89 0.54
53 90 0.16
53 91 0.92
53 92 0.92
53 93 0.11
53 94 0.83
53 95 0.37
53 96 1.0
53 97 0.5
53 98 0.31
53 99 0.22
54 55 0.33
54 56 0.8
54 57 0.91
54 58 0.34
54 59 0.29
54 60 0.6
54 61 0.5
54 62 0.42
54 63 0.12
54 64 0.16
54 65 1.0
54 66 0.61
54 67 0.17
54 68 0.84
54 69 0.23
54 70 0.26
54 71 0.7
54 72 0.22
54 73 0.24
54 74 0.4
54 75 0.96
54 76 0.48
54 77 0.59
54 78 0.63
54 79 0.97
54 80 0.85
54 81 0.83
54 82 0.21
54 83 0.03
54 84 0.85
54 85 0.58
54 86 0.72
54 87 0.67
54 88 0.46
54 89 0.12
54 90 0.26
54 91 0.92
54 92 0.51
54 93 0.72
54 94 0.71
54 95 0.46
54 96 1.0
54 97 0.53
54 98 0.47
54 99 0.26
55 56 0.07
55 57 0.37
55 58 0.18
55 59 0.15
55 60 0.55
55 61 0.37
55 62 0.55
55 63 0.75
55 64 0.38
55 65 0.94
55 66 0.9
55 67 0.54
55 68 0.21
55 69 0.99
55 70 0.53
55 71 0.11
55 72 0.81
55 73 0.67
55 74 0.16
55 75 0.21
55 76 0.04
55 77 0.84
55 78 0.98
55 79 0.86
55 80 0.66
55 81 0.59
55 82 0.63
55 83 0.7
55 84 0.63
55 85 0.38
55 86 0.5
55 87 0.2
55 88 0.99
55 89 1.01
55 90 0.97
55 91 0.42
55 92 0.76
55 93 0.89
55 94 0.53
55 95 0.86
55 96 0.81
55 97 0.05
55 98 0.58
55 99 0.98
56 57 0.8
56 58 0.48
56 59 0.77
56 60 0.27
56 61 0.45
56 62 0.97
56 63 0.9
56 64 0.38
56 65 0.87
56 66 0.14
56 67 0.81
56 68 0.64
56 69 0.24
56 70 0.77
56 71 0.17
56 72 0.12
56 73 0.59
56 74 0.81
56 75 0.84
56 76 0.95
56 77 0.04
56 78 0.82
56 79 0.76
56 80 0.94
56 81 0.87
56 82 0.4
56 83 0.02
56 84 0.48
56 85 0.44
56 86 0.75
56 87 0.33
56 88 0.45
56 89 0.73
56 90 0.68
56 91 0.39
56 92 0.13
56 93 0.47
56 94 0.37
56 95 0.33
56 96 0.21
56 97 0.25
56 98 0.34
56 99 0.28
57 58 0.12
57 59 0.5
57 60 0.13
57 61 0.61
57 62 0.42
57 63 0.96
57 64 0.1
57 65 0.24
57 66 0.39
57 67 0.2
57 68 0.83
57 69 0.1
57 70 0.65
57 71 0.45
57 72 0.72
57 73 0.43
57 74 0.49
57 75 0.86
57 76 0.12
57 77 0.19
57 78 0.03
57 79 0.64
57 80 0.8
57 81 0.22
57 82 0.17
57 83 0.23
57 84 0.14
57 85 0.39
57 86 0.56
57 87 0.32
57 88 0.76
57 89 0.66
57 90 0.29
57 91 0.6
57 92 0.53
57 93 0.88
57 94 0.4
57 95 0.49
57 96 0.06
57 97 0.74
57 98 0.28
57 99 0.5
58 59 0.68
58 60 0.59
58 61 0.23
58 62 0.73
58 63 0.63
58 64 0.45
58 65 0.04
58 66 0.98
58 67 0.06
58 68 0.58
58 69 0.46
58 70 0.31
58 71 0.38
58 72 0.75
58 73 0.78
58 74 0.66
58 75 0.15
58 76 0.3
58 77 0.5
58 78 0.84
58 79 0.56
58 80 0.84
58 81 0.82
58 82 0.61
58 83 0.7
58 84 0.6
58 85 0.25
58 86 0.77
58 87 0.82
58 88 0.21
58 89 0.02
58 90 0.53
58 91 0.17
58 92 0.98
58 93 0.89
58 94 0.47
58 95 0.19
58 96 0.24
58 97 0.73
58 98 0.8
58 99 0.5
59 60 0.83
59 61 0.09
59 62 0.93
59 63 0.28
59 64 0.59
59 65 0.99
59 66 0.16
59 67 0.57
59 68 0.25
59 69 0.87
59 70 0.62
59 71 0.38
59 72 0.86
59 73 0.24
59 74 0.26
59 75 0.74
59 76 0.29
59 77 0.97
59 78 0.23
59 79 0.89
59 80 0.46
59 81 0.84
59 82 0.33
59 83 0.24
59 84 0.98
59 85 0.3
59 86 0.63
59 87 0.14
59 88 0.92
59 89 0.52
59 90 0.89
59 91 0.46
59 92 0.24
59 93 0.07
59 94 0.9
59 95 0.16
59 96 0.47
59 97 0.57
59 98 0.04
59 99 0.1
60 61 0.82
60 62 0.63
60 63 0.81
60 64 0.05
60 65 0.74
60 66 0.67
60 67 0.14
60 68 0.49
60 69 0.73
60 70 0.17
60 71 0.29
60 72 0.48
60 73 0.69
60 74 0.54
60 75 0.15
60 76 0.58
60 77 0.46
60 78 0.47
60 79 0.45
60 80 0.1
60 81 0.1
60 82 0.11
60 83 0.09
60 84 0.92
60 85 0.69
60 86 0.71
60 87 0.08
60 88 0.83
60 89 0.56
60 90 0.67
60 91 0.93
60 92 0.03
60 93 0.7
60 94 0.36
60 95 0.38
60 96 0.32
60 97 0.34
60 98 0.91
60 99 0.45
61 62 0.48
61 63 0.14
61 64 0.53
61 65 0.93
61 66 0.07
61 67 0.31
61 68 0.74
61 69 0.17
61 70 0.28
61 71 0.68
61 72 0.79
61 73 0.78
61 74 0.86
61 75 0.12
61 76 0.66
61 77 0.84
61 78 0.98
61 79 0.39
61 80 0.78
61 81 0.1
61 82 0.82
61 83 0.34
61 84 0.16
61 85 0.61
61 86 0.88
61 87 0.74
61 88 0.05
61 89 0.81
61 90 0.39
61 91 0.14
61 92 0.25
61 93 0.67
61 94 0.98
61 95 0.72
61 96 0.29
61 97 0.55
61 98 0.19
61 99 0.11
62 63 0.41
62 64 0.76
62 65 0.89
62 66 0.3
62 67 0.31
62 68 0.25
62 69 0.08
62 70 0.74
62 71 0.92
62 72 0.5
62 73 0.15
62 74 0.59
62 75 0.27
62 76 0.11
62 77 0.29
62 78 0.86
62 79 0.58
62 80 0.81
62 81 0.94
62 82 0.1
62 83 1.01
62 84 0.67
62 85 0.51
62 86 0.85
62 87 0.46
62 88 0.78
62 89 0.97
62 90 0.86
62 91 0.42
62 92 0.87
62 93 0.17
62 94 0.19
62 95 0.42
62 96 1.0
62 97 0.24
62 98 0.9
62 99 0.46
63 64 0.53
63 65 0.95
63 66 0.56
63 67 0.29
63 68 0.62
63 69 0.16
63 70 0.41
63 71 0.55
63 72 0.73
63 73 0.53
63 74 0.53
63 75 0.06
63 76 0.74
63 77 0.84
63 78 0.03
63 79 0.28
63 80 0.2
63 81 0.09
63 82 0.54
63 83 0.35
63 84 0.5
63 85 0.69
63 86 0.29
63 87 0.31
63 88 0.94
63 89 0.13
63 90 0.27
63 91 0.89
63 92 0.67
63 93 0.2
63 94 0.23
63 95 0.55
63 96 0.89
63 97 0.9
63 98 0.03
63 99 0.28
64 65 0.44
64 66 1.0
64 67 0.81
64 68 0.29
64 69 0.49
64 70 0.09
64 71 0.8
64 72 0.07
64 73 0.03
64 74 0.54
64 75 0.11
64 76 0.98
64 77 0.62
64 78 0.64
64 79 0.57
64 80 0.73
64 81 0.04
64 82 0.81
64 83 0.04
64 84 0.97
64 85 0.35
64 86 0.39
64 87 0.38
64 88 0.25
64 89 0.85
64 90 0.47
64 91 0.96
64 92 0.17
64 93 0.44
64 94 0.75
64 95 0.87
64 96 0.95
64 97 0.28
64 98 0.16
64 99 0.16
65 66 0.45
65 67 0.13
65 68 0.9
65 69 0.38
65 70 0.48
65 71 0.89
65 72 0.93
65 73 0.04
65 74 0.23
65 75 0.28
65 76 1.01
65 77 0.7
65 78 0.45
65 79 0.53
65 80 0.93
65 81 0.16
65 82 0.61
65 83 0.49
65 84 0.72
65 85 0.23
65 86 0.99
65 87 0.51
65 88 0.47
65 89 0.84
65 90 0.21
65 91 0.5
65 92 0.21
65 93 0.71
65 94 0.14
65 95 0.31
65 96 0.7
65 97 0.43
65 98 0.27
65 99 0.23
66 67 0.79
66 68 0.2
66 69 0.59
66 70 0.33
66 71 0.99
66 72 0.12
66 73 0.37
66 74 0.44
66 75 0.35
66 76 0.73
66 77 0.3
66 78 0.46
66 79 0.22
66 80 0.81
66 81 0.08
66 82 0.49
66 83 0.3
66 84 0.9
66 85 0.66
66 86 0.27
66 87 0.89
66 88 0.98
66 89 0.44
66 90 0.4
66 91 0.65
66 92 0.48
66 93 0.05
66 94 0.61
66 95 0.1
66 96 0.1
66 97 0.63
66 98 0.46
66 99 0.11
67 68 0.47
67 69 0.48
67 70 0.07
67 71 0.48
67 72 0.92
67 73 0.26
67 74 0.63
67 75 0.07
67 76 0.98
67 77 0.73
67 78 0.12
67 79 1.0
67 80 0.5
67 81 0.33
67 82 0.47
67 83 0.74
67 84 0.27
67 85 0.97
67 86 0.73
67 87 0.96
67 88 0.22
67 89 0.85
67 90 0.48
67 91 0.44
67 92 0.64
67 93 0.63
67 94 0.02
67 95 0.94
67 96 0.25
67 97 0.94
67 98 0.67
67 99 0.25
68 69 0.52
68 70 0.92
68 71 0.13
68 72 0.95
68 73 0.41
68 74 0.63
68 75 0.92
68 76 0.02
68 77 0.78
68 78 0.64
68 79 0.54
68 80 0.41
68 81 0.17
68 82 0.34
68 83 0.42
68 84 0.24
68 85 0.45
68 86 0.31
68 87 0.48
68 88 0.36
68 89 0.15
68 90 0.39
68 91 0.75
68 92 0.09
68 93 0.62
68 94 0.61
68 95 0.84
68 96 0.87
68 97 0.33
68 98 0.46
68 99 0.34
69 70 0.22
69 71 0.05
69 72 0.1
69 73 0.4
69 74 0.33
69 75 0.1
69 76 0.13
69 77 0.19
69 78 0.74
69 79 0.11
69 80 0.13
69 81 0.76
69 82 0.57
69 83 0.81
69 84 0.04
69 85 0.91
69 86 0.84
69 87 0.81
69 88 0.07
69 89 0.61
69 90 0.7
69 91 0.33
69 92 0.88
69 93 0.34
69 94 0.24
69 95 0.76
69 96 0.46
69 97 0.84
69 98 0.34
69 99 0.72
70 71 0.04
70 72 0.02
70 73 0.34
70 74 0.4
70 75 0.22
70 76 0.3
70 77 0.93
70 78 0.72
70 79 0.55
70 80 0.37
70 81 0.65
70 82 0.01
70 83 0.18
70 84 0.19
70 85 0.22
70 86 0.03
70 87 0.65
70 88 0.07
70 89 0.74
70 90 0.36
70 91 0.97
70 92 0.86
70 93 0.41
70 94 0.83
70 95 0.74
70 96 0.39
70 97 0.27
70 98 0.6
70 99 0.54
71 72 0.26
71 73 0.35
71 74 0.07
71 75 0.92
71 76 0.16
71 77 0.52
71 78 0.28
71 79 0.51
71 80 0.78
71 81 0.03
71 82 0.96
71 83 0.33
71 84 0.29
71 85 0.02
71 86 0.29
71 87 0.42
71 88 0.77
71 89 0.6
71 90 0.26
71 91 0.89
71 92 0.47
71 93 0.36
71 94 0.58
71 95 0.1
71 96 0.13
71 97 0.02
71 98 0.01
71 99 0.61
72 73 0.57
72 74 0.19
72 75 0.66
72 76 0.58
72 77 0.96
72 78 0.04
72 79 0.58
72 80 0.38
72 81 0.19
72 82 0.07
72 83 0.8
72 84 0.3
72 85 0.34
72 86 0.42
72 87 0.31
72 88 0.64
72 89 0.51
72 90 0.03
72 91 0.58
72 92 0.17
72 93 0.89
72 94 0.18
72 95 0.44
72 96 0.67
72 97 0.27
72 98 0.39
72 99 0.87
73 74 0.37
73 75 0.87
73 76 0.98
73 77 0.29
73 78 0.63
73 79 0.36
73 80 0.27
73 81 0.11
73 82 0.09
73 83 0.34
73 84 0.42
73 85 0.17
73 86 0.08
73 87 0.76
73 88 0.49
73 89 0.77
73 90 0.49
73 91 0.67
73 92 0.23
73 93 1.0
73 94 0.02
73 95 0.82
73 96 0.47
73 97 0.59
73 98 0.36
73 99 0.37
74 75 0.99
74 76 0.43
74 77 0.23
74 78 0.91
74 79 0.63
74 80 0.08
74 81 0.89
74 82 0.34
74 83 0.59
74 84 0.96
74 85 0.51
74 86 0.72
74 87 0.56
74 88 0.36
74 89 0.51
74 90 0.32
74 91 0.93
74 92 0.24
74 93 0.09
74 94 0.75
74 95 0.24
74 96 0.7
74 97 0.54
74 98 0.25
74 99 0.57
75 76 0.33
75 77 0.22
75 78 0.63
75 79 0.03
75 80 0.93
75 81 0.37
75 82 0.63
75 83 0.23
75 84 0.17
75 85 0.03
75 86 0.15
75 87 0.07
75 88 0.21
75 89 0.51
75 90 0.95
75 91 0.28
75 92 0.7
75 93 0.8
75 94 0.58
75 95 0.82
75 96 0.97
75 97 0.91
75 98 0.8
75 99 0.77
76 77 0.39
76 78 0.36
76 79 0.02
76 80 0.86
76 81 0.46
76 82 0.1
76 83 0.49
76 84 0.86
76 85 0.96
76 86 0.84
76 87 0.59
76 88 0.76
76 89 0.18
76 90 0.11
76 91 0.23
76 92 0.05
76 93 0.38
76 94 0.55
76 95 0.43
76 96 0.47
76 97 0.15
76 98 0.93
76 99 0.11
77 78 0.13
77 79 0.48
77 80 0.11
77 81 0.98
77 82 0.28
77 83 0.33
77 84 0.83
77 85 1.0
77 86 0.04
77 87 0.05
77 88 0.3
77 89 0.09
77 90 0.7
77 91 0.91
77 92 0.76
77 93 0.64
77 94 0.93
77 95 0.08
77 96 0.61
77 97 0.35
77 98 0.8
77 99 0.6
78 79 0.93
78 80 0.29
78 81 0.1
78 82 0.54
78 83 0.89
78 84 0.75
78 85 0.18
78 86 0.68
78 87 0.88
78 88 0.48
78 89 0.09
78 90 0.32
78 91 0.6
78 92 0.96
78 93 0.78
78 94 0.55
78 95 0.82
78 96 0.43
78 97 0.65
78 98 0.82
78 99 0.94
79 80 0.46
79 81 0.58
79 82 0.57
79 83 0.19
79 84 0.24
79 85 0.07
79 86 0.97
79 87 0.12
79 88 0.53
79 89 0.97
79 90 0.73
79 91 0.92
79 92 0.35
79 93 0.09
79 94 0.78
79 95 0.6
79 96 0.33
79 97 0.11
79 98 0.78
79 99 0.31
80 81 0.22
80 82 0.58
80 83 0.31
80 84 0.76
80 85 0.65
80 86 0.78
80 87 0.63
80 88 0.23
80 89 0.61
80 90 0.99
80 91 0.45
80 92 0.96
80 93 0.49
80 94 0.68
80 95 0.64
80 96 0.13
80 97 0.69
80 98 0.36
80 99 0.25
81 82 0.71
81 83 0.03
81 84 0.41
81 85 0.68
81 86 0.9
81 87 0.87
81 88 0.24
81 89 0.87
81 90 0.56
81 91 0.53
81 92 0.99
81 93 0.52
81 94 0.54
81 95 0.94
81 96 0.82
81 97 0.17
81 98 0.81
81 99 0.21
82 83 0.39
82 84 0.17
82 85 0.7
82 86 0.33
82 87 0.55
82 88 0.02
82 89 0.59
82 90 0.3
82 91 0.38
82 92 0.12
82 93 0.72
82 94 0.75
82 95 0.57
82 96 0.38
82 97 0.95
82 98 0.21
82 99 0.01
83 84 0.33
83 85 0.99
83 86 0.84
83 87 0.64
83 88 0.87
83 89 0.71
83 90 0.22
83 91 0.47
83 92 0.9
83 93 0.93
83 94 0.19
83 95 0.81
83 96 0.71
83 97 0.31
83 98 0.16
83 99 0.47
84 85 0.61
84 86 0.84
84 87 0.25
84 88 0.62
84 89 0.24
84 90 0.35
84 91 0.58
84 92 0.06
84 93 0.17
84 94 0.74
84 95 0.1
84 96 0.64
84 97 0.53
84 98 0.08
84 99 0.45
85 86 0.23
85 87 0.64
85 88 0.31
85 89 0.12
85 90 0.58
85 91 0.75
85 92 0.93
85 93 0.05
85 94 0.53
85 95 0.87
85 96 0.23
85 97 0.55
85 98 0.44
85 99 0.94
86 87 0.49
86 88 0.66
86 89 0.15
86 90 0.19
86 91 0.86
86 92 0.63
86 93 0.34
86 94 0.21
86 95 0.44
86 96 0.19
86 97 0.84
86 98 0.64
86 99 0.29
87 88 0.92
87 89 0.47
87 90 0.22
87 91 0.12
87 92 0.17
87 93 0.85
87 94 0.64
87 95 0.91
87 96 0.85
87 97 0.45
87 98 0.92
87 99 0.18
88 89 0.19
88 90 0.26
88 91 0.68
88 92 0.97
88 93 0.22
88 94 0.89
88 95 0.77
88 96 0.06
88 97 0.87
88 98 0.01
88 99 0.43
89 90 0.89
89 91 0.98
89 92 0.29
89 93 0.25
89 94 0.29
89 95 0.88
89 96 0.94
89 97 0.26
89 98 0.27
89 99 0.33
90 91 0.43
90 92 0.14
90 93 0.23
90 94 0.86
90 95 0.02
90 96 0.27
90 97 0.44
90 98 0.6
90 99 0.1
91 92 0.75
91 93 0.69
91 94 0.58
91 95 0.89
91 96 0.19
91 97 0.61
91 98 0.27
91 99 0.02
92 93 0.57
92 94 0.13
92 95 0.72
92 96 0.98
92 97 0.52
92 98 0.41
92 99 0.62
93 94 0.16
93 95 0.12
93 96 0.68
93 97 0.66
93 98 0.5
93 99 0.1
94 95 0.45
94 96 0.56
94 97 0.04
94 98 0.73
94 99 0.81
95 96 0.63
95 97 0.56
95 98 0.23
95 99 0.98
96 97 0.81
96 98 0.19
96 99 0.38
97 98 0.39
97 99 0.27
98 99 0.91