30
0 1 0.86
0 2 0.6
0 3 0.79
0 4 0.78
0 5 0.63
0 6 0.35
0 7 0.88
0 8 0.79
0 9 0.98
0 10 0.36
0 11 0.13
0 12 0.1
0 13 0.21
0 14 0.6
0 15 0.67
0 16 0.72
0 17 0.75
0 18 0.32
0 19 0.76
0 20 0.02
0 21 0.71
0 22 0.05
0 23 0.63
0 24 0.83
0 25 0.11
0 26 0.56
0 27 0.4
0 28 0.13
0 29 0.77
1 2 0.44
1 3 0.77
1 4 0.22
1 5 0.08
1 6 0.43
1 7 0.84
1 8 0.77
1 9 0.86
1 10 0.79
1 11 0.43
1 12 0.98
1 13 0.91
1 14 0.24
1 15 0.62
1 16 0.71
1 17 0.3
1 18 0.29
1 19 0.39
1 20 0.65
1 21 0.23
1 22 0.88
1 23 0.94
1 24 0.68
1 25 0.41
1 26 0.5
1 27 0.34
1 28 0.19
1 29 0.12
2 3 0.91
2 4 0.58
2 5 0.34
2 6 0.73
2 7 0.96
2 8 1.0
2 9 0.61
2 10 0.64
2 11 0.29
2 12 0.49
2 13 0.34
2 14 0.37
2 15 0.71
2 16 0.63
2 17 0.16
2 18 0.57
2 19 0.91
2 20 0.07
2 21 0.26
2 22 0.37
2 23 0.64
2 24 0.08
2 25 0.73
2 26 0.63
2 27 0.72
2 28 0.2
2 29 0.14
3 4 0.76
3 5 0.71
3 6 0.02
3 7 0.58
3 8 0.14
3 9 0.32
3 10 0.83
3 11 0.57
3 12 0.21
3 13 0.26
3 14 0.3
3 15 0.96
3 16 0.33
3 17 0.44
3 18 0.97
3 19 0.18
3 20 0.03
3 21 0.31
3 22 0.48
3 23 0.28
3 24 0.81
3 25 0.5
3 26 0.03
3 27 0.08
3 28 0.36
3 29 0.33
4 5 0.4
4 6 0.17
4 7 0.6
4 8 0.39
4 9 0.47
4 10 0.34
4 11 0.8
4 12 0.65
4 13 0.99
4 14 0.21
4 15 0.24
4 16 0.82
4 17 0.6
4 18 0.07
4 19 0.19
4 20 0.49
4 21 0.88
4 22 0.84
4 23 0.31
4 24 0.87
4 25 0.09
4 26 0.33
4 27 0.5
4 28 0.49
4 29 0.91
5 6 0.46
5 7 0.35
5 8 0.72
5 9 0.7
5 10 0.92
5 11 0.55
5 12 0.69
5 13 1.0
5 14 0.56
5 15 0.02
5 16 0.94
5 17 0.85
5 18 0.92
5 19 0.81
5 20 0.58
5 21 0.46
5 22 0.95
5 23 0.79
5 24 0.36
5 25 0.87
5 26 0.7
5 27 0.9
5 28 0.81
5 29 0.02
6 7 0.74
6 8 0.07
6 9 0.9
6 10 0.31
6 11 0.22
6 12 0.97
6 13 0.34
6 14 0.18
6 15 0.66
6 16 0.88
6 17 0.27
6 18 0.39
6 19 0.25
6 20 0.41
6 21 0.25
6 22 0.03
6 23 0.26
6 24 0.51
6 25 0.83
6 26 0.6
6 27 0.57
6 28 0.34
6 29 1.0
7 8 1.0
7 9 0.41
7 10 0.98
7 11 0.43
7 12 0.63
7 13 0.97
7 14 0.87
7 15 0.77
7 16 0.26
7 17 0.97
7 18 0.08
7 19 0.35
7 20 0.62
7 21 0.79
7 22 0.44
7 23 0.38
7 24 0.97
7 25 0.57
7 26 0.61
7 27 0.79
7 28 0.82
7 29 0.24
8 9 0.09
8 10 0.41
8 11 0.61
8 12 0.61
8 13 0.07
8 14 0.45
8 15 0.78
8 16 0.52
8 17 0.79
8 18 0.67
8 19 0.3
8 20 0.92
8 21 0.4
8 22 0.92
8 23 0.81
8 24 0.27
8 25 0.05
8 26 0.17
8 27 0.65
8 28 0.31
8 29 0.77
9 10 0.66
9 11 0.78
9 12 0.99
9 13 0.57
9 14 0.12
9 15 0.17
9 16 0.38
9 17 0.09
9 18 0.35
9 19 0.4
9 20 0.34
9 21 0.27
9 22 0.43
9 23 0.55
9 24 0.21
9 25 0.17
9 26 0.4
9 27 0.6
9 28 0.23
9 29 0.15
10 11 0.04
10 12 0.97
10 13 0.85
10 14 0.58
10 15 0.22
10 16 0.92
10 17 0.4
10 18 0.63
10 19 0.45
10 20 0.44
10 21 0.4
10 22 0.31
10 23 0.9
10 24 0.07
10 25 0.62
10 26 0.11
10 27 0.56
10 28 0.07
10 29 0.55
11 12 0.08
11 13 0.99
11 14 0.93
11 15 0.33
11 16 0.46
11 17 0.88
11 18 0.38
11 19 0.25
11 20 0.42
11 21 0.46
11 22 0.33
11 23 0.76
11 24 0.19
11 25 0.97
11 26 0.9
11 27 0.48
11 28 0.61
11 29 0.62
12 13 0.78
12 14 0.23
12 15 0.42
12 16 0.23
12 17 0.98
12 18 0.25
12 19 0.03
12 20 0.45
12 21 0.34
12 22 0.5
12 23 0.29
12 24 0.22
12 25 0.22
12 26 0.15
12 27 0.36
12 28 0.16
12 29 0.74
13 14 0.41
13 15 0.3
13 16 0.66
13 17 0.93
13 18 0.26
13 19 0.53
13 20 0.31
13 21 0.49
13 22 0.12
13 23 0.67
13 24 0.97
13 25 0.41
13 26 0.03
13 27 0.53
13 28 0.34
13 29 0.36
14 15 0.02
14 16 0.94
14 17 0.09
14 18 0.15
14 19 0.69
14 20 0.86
14 21 0.57
14 22 0.44
14 23 0.83
14 24 0.76
14 25 0.97
14 26 0.97
14 27 0.85
14 28 0.27
14 29 0.58
15 16 0.13
15 17 0.81
15 18 0.91
15 19 0.66
15 20 0.28
15 21 0.75
15 22 0.77
15 23 0.37
15 24 0.55
15 25 0.34
15 26 0.8
15 27 0.93
15 28 0.25
15 29 0.25
16 17 0.4
16 18 0.58
16 19 0.2
16 20 0.94
16 21 0.61
16 22 0.38
16 23 0.09
16 24 0.05
16 25 0.98
16 26 0.28
16 27 0.49
16 28 0.41
16 29 0.44
17 18 0.35
17 19 0.41
17 20 0.37
17 21 0.84
17 22 0.64
17 23 0.85
17 24 0.75
17 25 0.29
17 26 0.43
17 27 0.83
17 28 0.26
17 29 0.79
18 19 0.3
18 20 0.89
18 21 0.34
18 22 0.27
18 23 0.14
18 24 0.77
18 25 0.06
18 26 0.99
18 27 0.58
18 28 0.87
18 29 0.88
19 20 0.43
19 21 0.78
19 22 0.69
19 23 0.08
19 24 0.23
19 25 0.11
19 26 0.12
19 27 0.36
19 28 0.86
19 29 0.54
20 21 0.47
20 22 0.33
20 23 0.15
20 24 0.97
20 25 0.54
20 26 0.46
20 27 0.15
20 28 0.04
20 29 0.9
21 22 0.26
21 23 0.95
21 24 0.25
21 25 0.55
21 26 0.34
21 27 0.45
21 28 0.53
21 29 0.81
22 23 0.03
22 24 0.78
22 25 0.53
22 26 0.7
22 27 0.25
22 28 0.13
22 29 0.3
23 24 0.11
23 25 0.55
23 26 0.7
23 27 0.38
23 28 1.0
23 29 0.3
24 25 0.13
24 26 0.39
24 27 0.99
24 28 0.21
24 29 0.47
25 26 0.31
25 27 0.17
25 28 0.83
25 29 0.9
26 27 0.92
26 28 0.97
26 29 0.17
27 28 0.87
27 29 0.61
28 29 0.13