50
0 1 0.03
0 2 0.37
0 3 0.1
0 4 0.02
0 5 0.29
0 6 0.93
0 7 0.18
0 8 0.09
0 9 1.0
0 10 0.05
0 11 0.11
0 12 0.74
0 13 0.04
0 14 0.42
0 15 0.04
0 16 0.3
0 17 0.1
0 18 0.04
0 19 0.12
0 20 0.06
0 21 0.49
0 22 0.07
0 23 0.11
0 24 0.59
0 25 0.37
0 26 0.72
0 27 0.58
0 28 0.68
0 29 0.26
0 30 0.26
0 31 0.22
0 32 0.96
0 33 0.14
0 34 0.85
0 35 0.5
0 36 0.06
0 37 0.97
0 38 0.81
0 39 0.34
0 40 0.28
0 41 0.84
0 42 0.21
0 43 0.21
0 44 0.39
0 45 0.92
0 46 0.41
0 47 0.96
0 48 0.14
0 49 0.43
1 2 0.44
1 3 0.35
1 4 0.16
1 5 0.61
1 6 0.24
1 7 0.42
1 8 0.56
1 9 0.13
1 10 0.6
1 11 0.3
1 12 0.54
1 13 0.65
1 14 0.62
1 15 0.99
1 16 0.65
1 17 0.41
1 18 0.63
1 19 0.98
1 20 0.8
1 21 0.88
1 22 0.02
1 23 0.87
1 24 0.28
1 25 0.28
1 26 0.99
1 27 0.66
1 28 0.25
1 29 0.63
1 30 0.59
1 31 0.29
1 32 0.07
1 33 0.33
1 34 0.27
1 35 0.98
1 36 1.0
1 37 0.65
1 38 0.52
1 39 0.72
1 40 0.68
1 41 0.12
1 42 0.57
1 43 0.13
1 44 0.12
1 45 0.14
1 46 0.13
1 47 0.73
1 48 0.93
1 49 0.32
2 3 0.34
2 4 0.11
2 5 0.66
2 6 0.56
2 7 0.57
2 8 0.7
2 9 0.31
2 10 0.52
2 11 0.61
2 12 0.07
2 13 0.11
2 14 0.77
2 15 0.64
2 16 0.77
2 17 0.84
2 18 0.17
2 19 0.45
2 20 0.69
2 21 0.51
2 22 0.26
2 23 1.01
2 24 0.8
2 25 0.79
2 26 0.98
2 27 0.48
2 28 0.16
2 29 0.75
2 30 0.43
2 31 0.27
2 32 0.4
2 33 0.67
2 34 0.4
2 35 0.05
2 36 0.84
2 37 0.93
2 38 0.84
2 39 0.79
2 40 0.96
2 41 0.36
2 42 0.65
2 43 0.25
2 44 0.49
2 45 0.52
2 46 0.95
2 47 0.09
2 48 0.01
2 49 0.47
3 4 0.02
3 5 0.19
3 6 0.39
3 7 0.38
3 8 0.85
3 9 0.25
3 10 0.38
3 11 0.29
3 12 0.11
3 13 0.77
3 14 0.44
3 15 0.14
3 16 0.48
3 17 0.24
3 18 0.75
3 19 0.48
3 20 0.49
3 21 0.16
3 22 0.79
3 23 0.1
3 24 0.96
3 25 0.42
3 26 0.4
3 27 0.49
3 28 0.13
3 29 0.74
3 30 0.02
3 31 0.04
3 32 0.49
3 33 0.45
3 34 0.33
3 35 0.08
3 36 0.96
3 37 0.85
3 38 0.24
3 39 0.62
3 40 0.83
3 41 0.53
3 42 0.39
3 43 0.66
3 44 0.76
3 45 0.1
3 46 0.74
3 47 0.63
3 48 0.11
3 49 0.03
4 5 0.35
4 6 0.33
4 7 0.84
4 8 0.39
4 9 0.16
4 10 0.95
4 11 0.33
4 12 0.64
4 13 0.08
4 14 0.57
4 15 0.47
4 16 0.28
4 17 0.99
4 18 0.76
4 19 0.28
4 20 0.69
4 21 0.59
4 22 0.34
4 23 0.35
4 24 0.28
4 25 0.93
4 26 0.42
4 27 0.91
4 28 0.03
4 29 0.67
4 30 0.56
4 31 0.46
4 32 0.51
4 33 0.05
4 34 0.79
4 35 0.58
4 36 0.2
4 37 0.29
4 38 0.83
4 39 0.52
4 40 0.34
4 41 0.32
4 42 0.83
4 43 0.4
4 44 0.42
4 45 0.43
4 46 0.75
4 47 0.26
4 48 0.52
4 49 0.63
5 6 0.34
5 7 0.16
5 8 0.27
5 9 0.28
5 10 0.71
5 11 0.4
5 12 0.63
5 13 0.02
5 14 0.06
5 15 0.56
5 16 0.15
5 17 0.41
5 18 0.86
5 19 0.07
5 20 0.37
5 21 0.37
5 22 0.06
5 23 0.4
5 24 0.06
5 25 0.19
5 26 0.03
5 27 0.35
5 28 0.29
5 29 0.79
5 30 0.85
5 31 0.77
5 32 0.22
5 33 0.91
5 34 0.43
5 35 0.08
5 36 0.43
5 37 0.34
5 38 0.55
5 39 0.17
5 40 0.81
5 41 0.22
5 42 0.24
5 43 0.84
5 44 0.05
5 45 0.01
5 46 0.82
5 47 0.39
5 48 0.04
5 49 0.5
6 7 0.24
6 8 0.09
6 9 0.51
6 10 0.04
6 11 0.97
6 12 0.44
6 13 0.46
6 14 0.99
6 15 0.82
6 16 0.95
6 17 0.67
6 18 0.35
6 19 0.4
6 20 0.19
6 21 0.27
6 22 0.44
6 23 0.47
6 24 0.23
6 25 0.73
6 26 0.75
6 27 0.89
6 28 0.32
6 29 0.06
6 30 0.74
6 31 0.17
6 32 0.42
6 33 0.48
6 34 0.75
6 35 0.8
6 36 0.98
6 37 0.11
6 38 0.66
6 39 0.26
6 40 0.86
6 41 0.15
6 42 0.28
6 43 0.82
6 44 0.74
6 45 0.88
6 46 0.74
6 47 0.08
6 48 0.36
6 49 0.94
7 8 0.21
7 9 0.69
7 10 0.4
7 11 0.35
7 12 0.27
7 13 0.74
7 14 0.61
7 15 0.17
7 16 0.14
7 17 0.18
7 18 0.7
7 19 0.03
7 20 0.15
7 21 0.64
7 22 0.02
7 23 0.78
7 24 0.05
7 25 0.2
7 26 0.73
7 27 0.6
7 28 0.13
7 29 0.33
7 30 0.45
7 31 0.9
7 32 0.58
7 33 0.38
7 34 0.45
7 35 0.56
7 36 0.1
7 37 0.05
7 38 0.71
7 39 0.14
7 40 0.26
7 41 0.84
7 42 0.18
7 43 0.12
7 44 0.51
7 45 0.93
7 46 0.79
7 47 0.94
7 48 0.7
7 49 0.8
8 9 0.25
8 10 0.22
8 11 0.15
8 12 0.28
8 13 0.27
8 14 0.32
8 15 0.82
8 16 0.22
8 17 0.91
8 18 0.38
8 19 0.06
8 20 0.22
8 21 0.47
8 22 0.91
8 23 0.1
8 24 0.51
8 25 0.91
8 26 0.17
8 27 0.26
8 28 0.92
8 29 0.94
8 30 0.58
8 31 0.3
8 32 0.01
8 33 0.01
8 34 1.0
8 35 0.67
8 36 0.43
8 37 0.46
8 38 0.15
8 39 0.18
8 40 0.2
8 41 0.76
8 42 0.43
8 43 0.76
8 44 0.1
8 45 0.2
8 46 0.5
8 47 0.3
8 48 0.34
8 49 0.75
9 10 0.72
9 11 0.52
9 12 0.99
9 13 0.51
9 14 0.39
9 15 0.02
9 16 0.47
9 17 0.75
9 18 0.89
9 19 0.08
9 20 0.37
9 21 0.78
9 22 0.03
9 23 0.64
9 24 0.37
9 25 0.89
9 26 0.99
9 27 0.23
9 28 0.53
9 29 0.63
9 30 0.53
9 31 0.1
9 32 0.23
9 33 0.46
9 34 0.58
9 35 0.88
9 36 0.29
9 37 0.95
9 38 0.93
9 39 0.94
9 40 0.35
9 41 0.25
9 42 0.1
9 43 0.44
9 44 0.12
9 45 0.27
9 46 0.73
9 47 0.22
9 48 0.89
9 49 0.29
10 11 0.37
10 12 0.86
10 13 0.1
10 14 0.54
10 15 0.83
10 16 0.41
10 17 0.7
10 18 0.21
10 19 0.09
10 20 0.16
10 21 0.25
10 22 0.83
10 23 0.64
10 24 0.05
10 25 0.27
10 26 0.53
10 27 0.35
10 28 0.88
10 29 0.28
10 30 0.17
10 31 0.56
10 32 0.51
10 33 0.78
10 34 0.64
10 35 0.06
10 36 0.67
10 37 0.06
10 38 0.32
10 39 0.01
10 40 0.29
10 41 0.09
10 42 0.44
10 43 0.25
10 44 0.08
10 45 0.44
10 46 0.2
10 47 0.26
10 48 0.3
10 49 0.27
11 12 0.64
11 13 0.59
11 14 0.41
11 15 0.7
11 16 0.06
11 17 0.56
11 18 0.96
11 19 0.88
11 20 0.46
11 21 0.7
11 22 0.92
11 23 0.02
11 24 0.89
11 25 0.91
11 26 0.13
11 27 0.79
11 28 0.05
11 29 0.55
11 30 0.99
11 31 0.82
11 32 0.04
11 33 0.78
11 34 0.42
11 35 0.27
11 36 0.58
11 37 0.25
11 38 0.44
11 39 0.12
11 40 0.17
11 41 0.56
11 42 0.84
11 43 0.73
11 44 0.2
11 45 0.26
11 46 0.24
11 47 0.04
11 48 0.73
11 49 0.83
12 13 0.51
12 14 0.91
12 15 0.95
12 16 0.63
12 17 0.75
12 18 0.65
12 19 0.38
12 20 0.76
12 21 0.5
12 22 0.46
12 23 0.73
12 24 0.08
12 25 0.11
12 26 0.32
12 27 0.79
12 28 0.22
12 29 0.74
12 30 0.57
12 31 0.71
12 32 0.93
12 33 0.88
12 34 0.94
12 35 0.37
12 36 0.2
12 37 0.24
12 38 0.74
12 39 0.95
12 40 0.68
12 41 0.62
12 42 0.2
12 43 0.73
12 44 0.73
12 45 0.36
12 46 0.35
12 47 0.33
12 48 0.57
12 49 0.45
13 14 0.19
13 15 0.7
13 16 0.5
13 17 0.62
13 18 0.88
13 19 0.36
13 20 0.99
13 21 0.07
13 22 0.13
13 23 0.74
13 24 0.16
13 25 0.77
13 26 0.05
13 27 0.76
13 28 0.71
13 29 0.31
13 30 0.63
13 31 0.06
13 32 0.13
13 33 0.55
13 34 0.91
13 35 0.87
13 36 0.01
13 37 0.48
13 38 0.88
13 39 0.94
13 40 0.85
13 41 0.12
13 42 0.04
13 43 0.35
13 44 0.86
13 45 0.66
13 46 0.97
13 47 0.02
13 48 0.66
13 49 0.08
14 15 0.82
14 16 0.09
14 17 0.89
14 18 0.86
14 19 0.5
14 20 0.61
14 21 0.51
14 22 0.07
14 23 0.51
14 24 0.56
14 25 0.3
14 26 0.66
14 27 0.2
14 28 0.67
14 29 0.69
14 30 0.68
14 31 0.06
14 32 0.01
14 33 0.99
14 34 0.99
14 35 0.25
14 36 0.93
14 37 0.93
14 38 0.35
14 39 1.01
14 40 0.89
14 41 0.57
14 42 0.96
14 43 0.07
14 44 0.95
14 45 0.28
14 46 0.25
14 47 0.86
14 48 0.14
14 49 0.02
15 16 0.17
15 17 0.86
15 18 0.2
15 19 0.3
15 20 0.41
15 21 0.47
15 22 0.69
15 23 0.66
15 24 0.96
15 25 0.58
15 26 0.96
15 27 0.31
15 28 0.18
15 29 0.49
15 30 0.81
15 31 0.52
15 32 0.68
15 33 0.95
15 34 0.23
15 35 0.76
15 36 0.94
15 37 0.72
15 38 0.41
15 39 0.44
15 40 0.17
15 41 0.64
15 42 0.57
15 43 0.88
15 44 0.71
15 45 0.23
15 46 0.86
15 47 0.76
15 48 0.44
15 49 0.49
16 17 0.03
16 18 0.33
16 19 0.82
16 20 0.45
16 21 0.46
16 22 0.53
16 23 0.5
16 24 0.61
16 25 0.48
16 26 0.96
16 27 0.05
16 28 0.32
16 29 0.64
16 30 0.37
16 31 0.55
16 32 0.1
16 33 0.41
16 34 0.16
16 35 0.22
16 36 0.77
16 37 0.57
16 38 0.97
16 39 0.05
16 40 0.21
16 41 0.83
16 42 0.18
16 43 0.5
16 44 0.71
16 45 0.75
16 46 0.39
16 47 0.17
16 48 0.01
16 49 0.61
17 18 0.58
17 19 0.6
17 20 0.61
17 21 0.67
17 22 0.11
17 23 0.85
17 24 0.95
17 25 0.88
17 26 0.82
17 27 0.88
17 28 0.7
17 29 0.58
17 30 0.87
17 31 0.05
17 32 0.94
17 33 0.59
17 34 0.45
17 35 0.14
17 36 0.08
17 37 0.68
17 38 0.55
17 39 0.83
17 40 0.99
17 41 0.89
17 42 0.31
17 43 0.96
17 44 0.29
17 45 0.79
17 46 0.06
17 47 0.04
17 48 0.08
17 49 0.75
18 19 0.33
18 20 0.24
18 21 0.95
18 22 0.23
18 23 0.77
18 24 0.6
18 25 0.22
18 26 0.62
18 27 0.68
18 28 0.18
18 29 0.47
18 30 0.93
18 31 0.63
18 32 0.9
18 33 1.0
18 34 0.35
18 35 0.48
18 36 0.58
18 37 0.4
18 38 0.53
18 39 0.81
18 40 0.31
18 41 0.72
18 42 0.9
18 43 0.5
18 44 0.41
18 45 0.26
18 46 0.66
18 47 0.33
18 48 0.37
18 49 0.16
19 20 0.96
19 21 0.94
19 22 0.6
19 23 0.18
19 24 0.18
19 25 0.17
19 26 0.06
19 27 0.2
19 28 0.81
19 29 0.93
19 30 0.92
19 31 0.78
19 32 0.03
19 33 0.21
19 34 0.48
19 35 0.07
19 36 0.88
19 37 0.18
19 38 0.77
19 39 0.87
19 40 0.44
19 41 0.67
19 42 0.23
19 43 0.32
19 44 0.34
19 45 0.83
19 46 0.04
19 47 0.46
19 48 0.46
19 49 0.1
20 21 0.42
20 22 0.74
20 23 0.53
20 24 0.24
20 25 0.35
20 26 0.89
20 27 0.71
20 28 0.05
20 29 0.31
20 30 0.91
20 31 0.2
20 32 0.33
20 33 0.82
20 34 0.85
20 35 0.73
20 36 0.91
20 37 0.27
20 38 0.87
20 39 0.56
20 40 0.5
20 41 0.75
20 42 0.24
20 43 0.22
20 44 0.37
20 45 0.71
20 46 0.23
20 47 0.24
20 48 0.22
20 49 0.2
21 22 0.5
21 23 0.69
21 24 0.61
21 25 0.18
21 26 0.86
21 27 0.08
21 28 0.42
21 29 0.4
21 30 0.67
21 31 0.9
21 32 0.32
21 33 0.26
21 34 0.24
21 35 0.27
21 36 0.05
21 37 0.84
21 38 0.58
21 39 0.06
21 40 0.27
21 41 0.41
21 42 0.67
21 43 0.88
21 44 0.45
21 45 0.66
21 46 0.68
21 47 0.65
21 48 0.5
21 49 0.25
22 23 0.72
22 24 0.06
22 25 0.52
22 26 0.93
22 27 0.31
22 28 0.5
22 29 0.07
22 30 0.69
22 31 0.33
22 32 0.64
22 33 0.13
22 34 0.29
22 35 0.04
22 36 0.15
22 37 0.78
22 38 0.48
22 39 0.73
22 40 0.55
22 41 0.7
22 42 1.0
22 43 0.97
22 44 0.89
22 45 0.15
22 46 0.36
22 47 0.99
22 48 0.34
22 49 0.12
23 24 0.98
23 25 0.27
23 26 0.92
23 27 0.45
23 28 0.54
23 29 0.14
23 30 0.04
23 31 0.12
23 32 0.8
23 33 0.01
23 34 0.64
23 35 0.07
23 36 0.14
23 37 0.14
23 38 0.24
23 39 0.17
23 40 0.77
23 41 0.43
23 42 0.58
23 43 0.83
23 44 0.03
23 45 0.37
23 46 0.04
23 47 0.76
23 48 0.89
23 49 0.81
24 25 0.06
24 26 0.45
24 27 0.88
24 28 0.27
24 29 0.85
24 30 0.55
24 31 0.36
24 32 0.69
24 33 0.27
24 34 0.52
24 35 0.83
24 36 0.41
24 37 0.02
24 38 0.37
24 39 0.42
24 40 0.93
24 41 0.66
24 42 0.53
24 43 0.04
24 44 0.89
24 45 0.43
24 46 0.52
24 47 0.43
24 48 0.7
24 49 0.95
25 26 0.19
25 27 0.78
25 28 0.85
25 29 0.06
25 30 0.75
25 31 0.54
25 32 0.7
25 33 0.21
25 34 0.48
25 35 0.94
25 36 1.01
25 37 0.19
25 38 0.22
25 39 0.91
25 40 0.91
25 41 0.95
25 42 0.65
25 43 0.15
25 44 0.17
25 45 0.37
25 46 0.16
25 47 0.7
25 48 0.87
25 49 0.72
26 27 0.16
26 28 0.34
26 29 0.56
26 30 0.8
26 31 0.14
26 32 0.32
26 33 0.06
26 34 0.49
26 35 0.33
26 36 0.51
26 37 0.33
26 38 0.96
26 39 0.05
26 40 0.58
26 41 0.22
26 42 0.48
26 43 0.19
26 44 0.65
26 45 0.79
26 46 0.84
26 47 0.63
26 48 0.42
26 49 0.51
27 28 0.35
27 29 0.64
27 30 0.17
27 31 0.42
27 32 0.88
27 33 1.01
27 34 0.69
27 35 0.46
27 36 0.97
27 37 0.78
27 38 0.91
27 39 0.92
27 40 0.26
27 41 0.5
27 42 0.1
27 43 0.87
27 44 0.93
27 45 0.49
27 46 0.86
27 47 0.35
27 48 0.76
27 49 0.82
28 29 0.59
28 30 0.22
28 31 0.14
28 32 0.36
28 33 0.58
28 34 0.94
28 35 0.55
28 36 0.29
28 37 0.22
28 38 0.66
28 39 0.58
28 40 0.31
28 41 0.07
28 42 0.53
28 43 0.15
28 44 0.74
28 45 0.58
28 46 0.01
28 47 0.83
28 48 0.48
28 49 0.77
29 30 0.19
29 31 0.86
29 32 0.04
29 33 0.52
29 34 0.6
29 35 0.57
29 36 0.22
29 37 0.42
29 38 0.18
29 39 0.05
29 40 0.17
29 41 0.05
29 42 0.46
29 43 1.0
29 44 0.9
29 45 0.06
29 46 0.66
29 47 0.11
29 48 0.04
29 49 0.24
30 31 0.38
30 32 0.96
30 33 0.05
30 34 0.24
30 35 0.3
30 36 0.16
30 37 0.36
30 38 0.07
30 39 0.37
30 40 0.57
30 41 0.38
30 42 0.32
30 43 0.52
30 44 0.64
30 45 0.34
30 46 0.18
30 47 0.04
30 48 0.44
30 49 0.48
31 32 0.97
31 33 0.8
31 34 0.82
31 35 0.13
31 36 0.4
31 37 0.92
31 38 0.83
31 39 0.71
31 40 0.28
31 41 0.74
31 42 0.98
31 43 0.44
31 44 0.3
31 45 0.43
31 46 0.74
31 47 0.06
31 48 0.52
31 49 0.51
32 33 0.2
32 34 0.12
32 35 0.98
32 36 0.78
32 37 0.63
32 38 0.7
32 39 0.84
32 40 0.73
32 41 0.63
32 42 0.46
32 43 0.31
32 44 0.49
32 45 0.34
32 46 0.25
32 47 0.03
32 48 0.24
32 49 0.47
33 34 0.6
33 35 0.79
33 36 0.79
33 37 0.24
33 38 0.93
33 39 0.35
33 40 0.33
33 41 0.05
33 42 0.54
33 43 0.4
33 44 0.53
33 45 0.05
33 46 0.59
33 47 0.11
33 48 0.99
33 49 0.02
34 35 0.1
34 36 0.73
34 37 0.65
34 38 0.47
34 39 0.58
34 40 0.37
34 41 0.38
34 42 0.39
34 43 0.06
34 44 0.39
34 45 0.45
34 46 0.68
34 47 0.76
34 48 0.62
34 49 0.85
35 36 0.71
35 37 0.73
35 38 0.18
35 39 0.18
35 40 0.49
35 41 0.05
35 42 0.92
35 43 0.76
35 44 0.86
35 45 0.68
35 46 0.16
35 47 0.15
35 48 0.9
35 49 0.47
36 37 0.31
36 38 0.39
36 39 0.88
36 40 0.23
36 41 0.88
36 42 0.25
36 43 0.65
36 44 0.15
36 45 0.37
36 46 0.21
36 47 0.23
36 48 0.95
36 49 0.41
37 38 0.3
37 39 0.99
37 40 0.79
37 41 0.85
37 42 0.84
37 43 0.87
37 44 0.63
37 45 0.23
37 46 1.0
37 47 0.72
37 48 0.13
37 49 0.9
38 39 0.68
38 40 0.33
38 41 0.08
38 42 0.44
38 43 0.02
38 44 0.3
38 45 0.42
38 46 0.97
38 47 0.24
38 48 0.69
38 49 0.65
39 40 0.3
39 41 0.78
39 42 0.12
39 43 0.65
39 44 0.1
39 45 0.72
39 46 0.3
39 47 0.91
39 48 0.77
39 49 0.24
40 41 0.18
40 42 0.57
40 43 0.92
40 44 0.59
40 45 0.31
40 46 0.93
40 47 0.89
40 48 0.14
40 49 0.07
41 42 0.62
41 43 0.69
41 44 0.41
41 45 0.23
41 46 0.22
41 47 0.92
41 48 0.85
41 49 0.4
42 43 0.4
42 44 0.43
42 45 0.21
42 46 0.57
42 47 0.55
42 48 0.33
42 49 0.6
43 44 0.08
43 45 0.72
43 46 0.48
43 47 0.92
43 48 0.53
43 49 0.92
44 45 0.79
44 46 0.94
44 47 0.37
44 48 0.32
44 49 0.42
45 46 0.77
45 47 0.48
45 48 0.77
45 49 0.08
46 47 0.87
46 48 0.21
46 49 0.54
47 48 0.83
47 49 0.86
48 49 0.83